### polynomial kernel CV run with the old poly kernel functions to verify that they match with the old 
### polynomial kernel CV run and that the issue is after numba was added to polykernel funcs and that choice
### of whether to use numba should be consistent. 

Estimator: PolynomialKernel
Total number of parameters: 150
Time started: 20240731-120040
Validation parameters: [2500, 500, 500] (training, validation, jump)
Validation type: rolling
Task: PathContinue
Normalisation type for inputs: MinMax
Normalisation type for targets: None
Error type: meansquare
MinMax range for inputs: (0, 1) 
--------------------------------------------------------------------------------
First log reached. Amount of time elapsed is 96.22879457473755 seconds.
Estimated time to finish is 1443.4319186210632 seconds.
--------------------------------------------------------------------------------
((2, 3, 1e-08, 0), 0.11176512927359393)
((2, 3, 0.1, 0), 68.74244557121541)
((2, 2, 1e-10, 0), nan)
((2, 1, 1e-11, 0), 58.25279268441736)
((2, 3, 1e-14, 0), nan)
((2, 1, 1e-08, 0), 0.478803804245853)
((2, 3, 1e-15, 0), nan)
((2, 1, 0.0001, 0), 0.5970880110817413)
((2, 1, 1e-07, 0), 0.8165554801456858)
((2, 1, 0.001, 0), 1.9927110518037627)
((2, 3, 1e-12, 0), nan)
((2, 2, 1e-05, 0), 0.00994406715005547)
((2, 1, 1e-09, 0), 22.041344768847438)
((2, 2, 1e-08, 0), 1.321748971863776)
((2, 1, 1e-15, 0), nan)
((2, 1, 0.01, 0), 34.43699682533738)
((2, 2, 0.1, 0), 92.73645516595285)
((2, 3, 1e-11, 0), 113.1618210142966)
((2, 2, 1e-13, 0), nan)
((2, 2, 0.001, 0), 0.27400823246685196)
((2, 4, 1e-11, 0), 129.08547748810122)
((2, 1, 1e-12, 0), nan)
((2, 3, 1e-09, 0), 23.137327970579317)
((2, 1, 0.1, 0), 95.64541690593106)
((2, 1, 1e-14, 0), nan)
((2, 1, 1e-10, 0), 34.52194514492018)
((2, 4, 1e-15, 0), nan)
((2, 4, 1e-14, 0), nan)
((2, 2, 1e-06, 0), 0.00032858675544289895)
((2, 2, 1e-07, 0), 0.00020673242299896615)
((2, 4, 1e-12, 0), nan)
((2, 3, 0.0001, 0), 0.02358745663903403)
((2, 3, 1e-06, 0), 4.388560181240848e-05)
((2, 1, 1e-13, 0), nan)
((2, 2, 1e-12, 0), nan)
((2, 2, 0.0001, 0), 0.08164010992933726)
((2, 2, 1e-09, 0), 5.513520886463157)
((2, 3, 1e-10, 0), 32.12431477181899)
((2, 1, 1e-05, 0), 0.7711494190797907)
((2, 4, 1e-13, 0), nan)
((2, 3, 1e-07, 0), 0.0003304812358810649)
((2, 2, 1e-15, 0), nan)
((2, 1, 1e-06, 0), 0.7923802230680665)
((2, 3, 1e-05, 0), 9.588123704452896e-05)
((2, 3, 1e-13, 0), nan)
((2, 2, 1e-11, 0), nan)
((2, 2, 1e-14, 0), nan)
((2, 2, 0.01, 0), 11.78944667412027)
((2, 3, 0.01, 0), 9.017777316497439)
((2, 3, 0.001, 0), 0.37994092566019183)
((2, 4, 1e-10, 0), 47.026176140409206)
((2, 4, 1e-09, 0), 14.485762865811513)
((2, 4, 1e-07, 0), 0.0435031082364611)
((2, 4, 1e-08, 0), 0.15809272555038434)
((2, 4, 1e-06, 0), 3.8182117464478426e-05)
((2, 4, 0.0001, 0), 0.0023654112588799344)
((2, 5, 1e-14, 0), nan)
((2, 4, 1e-05, 0), 8.489270248057058e-05)
((2, 5, 1e-11, 0), 181.91120298950835)
((2, 4, 0.01, 0), 7.555221148247545)
((2, 5, 1e-10, 0), 33.06751406856728)
((2, 5, 1e-15, 0), nan)
((2, 4, 0.1, 0), 66.26990503455765)
((2, 5, 1e-12, 0), nan)
((2, 4, 0.001, 0), 0.2213342059305465)
((2, 5, 1e-06, 0), 5.626439874801371e-05)
((2, 5, 1e-13, 0), nan)
((2, 6, 1e-08, 0), 1.7926633718616747)
((2, 5, 1e-09, 0), 9.163121677925648)
((2, 5, 1e-05, 0), 2.4130544231968066e-05)
((2, 5, 1e-07, 0), 0.026453469416307045)
((2, 5, 0.1, 0), 63.94378967015785)
((2, 5, 1e-08, 0), 0.2733043994970831)
((2, 5, 0.001, 0), 0.09673285127181191)
((2, 5, 0.01, 0), 6.029812173434857)
((2, 6, 1e-14, 0), nan)
((2, 6, 1e-15, 0), nan)
((2, 6, 1e-09, 0), 16.894875483117268)
((2, 7, 1e-14, 0), nan)
((2, 6, 1e-13, 0), nan)
((2, 6, 1e-12, 0), nan)
((2, 6, 1e-05, 0), 7.701970399783316e-05)
((2, 6, 1e-11, 0), 83.48366522466588)
((2, 6, 1e-10, 0), 80.48967595759426)
((2, 6, 1e-07, 0), 0.002322062345040055)
((2, 5, 0.0001, 0), 0.001942671900367661)
((2, 6, 0.001, 0), 0.05987425221385511)
((2, 6, 0.0001, 0), 0.0020892901018694683)
((2, 6, 0.01, 0), 4.8693096331057255)
((2, 7, 1e-07, 0), 0.02239804648592838)
((2, 7, 1e-15, 0), nan)
((2, 7, 1e-13, 0), nan)
((2, 6, 1e-06, 0), 6.614833651747835e-06)
((2, 7, 1e-10, 0), 57.42629051700066)
((2, 7, 1e-12, 0), nan)
((2, 7, 1e-11, 0), nan)
((2, 6, 0.1, 0), 61.43311396747305)
((2, 7, 1e-08, 0), 3.010884160788698)
((2, 7, 1e-09, 0), 11.238470153178776)
((2, 7, 1e-06, 0), 0.00025162755243632724)
((2, 7, 1e-05, 0), 0.000165871613976977)
((2, 7, 0.0001, 0), 0.0026058709186142963)
((2, 7, 0.001, 0), 0.05322155331565484)
((2, 8, 0.001, 0), 0.055308819503940246)
((2, 7, 0.01, 0), 4.208275225429569)
((2, 8, 1e-10, 0), 43.12264488526)
((2, 8, 1e-15, 0), nan)
((2, 9, 0.1, 0), 55.87088571740483)
((2, 8, 1e-12, 0), nan)
((2, 8, 1e-14, 0), nan)
((2, 8, 1e-09, 0), 12.53272162135681)
((2, 8, 1e-11, 0), 1433.3733254816914)
((2, 8, 0.0001, 0), 0.003839551013689813)
((2, 8, 0.1, 0), 57.00395123878633)
((2, 8, 1e-13, 0), nan)
((2, 8, 1e-08, 0), 6.338941527029857)
((2, 8, 1e-07, 0), 0.0018346040898875335)
((2, 8, 1e-05, 0), 0.00026686584743596025)
((2, 8, 0.01, 0), 3.921846984518669)
((2, 9, 1e-11, 0), nan)
((2, 7, 0.1, 0), 58.9935114762369)
((2, 8, 1e-06, 0), 2.6644209153888918e-05)
((2, 10, 1e-07, 0), 0.019820610165666372)
((2, 9, 1e-14, 0), nan)
((2, 9, 1e-06, 0), 0.00023218190183018294)
((2, 9, 1e-07, 0), 0.019388378863571858)
((2, 9, 1e-10, 0), 68.88480541184337)
((2, 9, 0.001, 0), 0.06748668268206405)
((2, 9, 1e-09, 0), 16.477073115147796)
((2, 9, 0.01, 0), 3.855349444983751)
((2, 9, 1e-08, 0), 1.7965520490386013)
((2, 9, 1e-15, 0), nan)
((2, 9, 1e-12, 0), nan)
((2, 9, 1e-05, 0), 0.0004185896683951594)
((2, 9, 1e-13, 0), nan)
((2, 9, 0.0001, 0), 0.005568559080622944)
((2, 10, 1e-11, 0), nan)
((2, 10, 1e-14, 0), nan)
((2, 10, 1e-15, 0), nan)
((2, 10, 1e-13, 0), nan)
((2, 10, 1e-10, 0), 29.729886296046285)
((2, 10, 0.01, 0), 3.9664310861560512)
((2, 10, 1e-09, 0), 11.585576033079098)
((2, 10, 1e-06, 0), 0.0005362542852706853)
((2, 10, 0.001, 0), 0.09178032109569273)
((2, 10, 1e-12, 0), nan)
((2, 10, 1e-08, 0), 21.6103832400032)
((2, 10, 1e-05, 0), 0.000597405687902141)
((2, 10, 0.1, 0), 55.86240909496155)
((2, 10, 0.0001, 0), 0.008040353658507884)
--------------------------------------------------------------------------------
Cross validation total time taken: 205.62521243095398 seconds.