Estimator: PolynomialKernel
Total number of parameters: 135
Time started: 20240731-112043
Validation parameters: [501, 501, 501] (training, validation, jump)
Validation type: expanding
Task: Forecast
Normalisation type for inputs: MinMax
Normalisation type for targets: NormStd
Error type: meansquare
MinMax range for inputs: (0, 1) 
--------------------------------------------------------------------------------
First log reached. Amount of time elapsed is 14.62292194366455 seconds.
Estimated time to finish is 14.62292194366455 seconds.
--------------------------------------------------------------------------------
((1, 1, 1e-13, 0), 4048.5732043694743)
((1, 1, 1e-11, 0), 1.1506336805143897)
((1, 1, 1e-10, 0), 1.1473190215851499)
((1, 1, 1e-14, 0), 285412.43196822726)
((1, 1, 1e-12, 0), 1.3377453123415473)
((1, 1, 1e-07, 0), 1.1473248073088171)
((1, 1, 1e-15, 0), 547396.9411979535)
((1, 1, 1e-06, 0), 1.1473249274776052)
((1, 1, 1e-05, 0), 1.147324928714328)
((1, 1, 0.0001, 0), 1.1473247560925393)
((1, 1, 0.001, 0), 1.1473230371039778)
((1, 1, 1e-08, 0), 1.147324392286346)
((1, 1, 0.01, 0), 1.147305882926219)
((1, 1, 0.1, 0), 1.1471376822605004)
((2, 1, 1e-15, 0), 93113.94889724298)
((1, 1, 1e-09, 0), 1.1473310496627445)
((2, 1, 1e-14, 0), 309751.85140961484)
((2, 1, 1e-11, 0), 1.1052255687059005)
((2, 1, 1e-09, 0), 1.0556620935400667)
((2, 1, 1e-06, 0), 1.055598352775817)
((2, 1, 1e-13, 0), 18423.60478728612)
((2, 1, 1e-12, 0), 9.453829257618537)
((2, 1, 1e-07, 0), 1.0555993759398956)
((2, 1, 0.01, 0), 1.0519135423915675)
((2, 1, 0.001, 0), 1.0549196566763308)
((2, 1, 0.0001, 0), 1.0555255160281258)
((2, 1, 1e-05, 0), 1.0555916585637106)
((3, 1, 1e-13, 0), 3052474.050548148)
((3, 1, 1e-14, 0), 3210685.9176553735)
((2, 1, 0.1, 0), 1.0511738739946805)
((2, 1, 1e-08, 0), 1.055599821848511)
((3, 1, 1e-11, 0), 4.6896095362542995)
((2, 1, 1e-10, 0), 1.0563471483621354)
((3, 1, 1e-12, 0), 10527.359329566743)
((3, 1, 1e-15, 0), 45167.441603142506)
((3, 1, 0.0001, 0), 3.710473275552938)
((3, 1, 1e-07, 0), 4.147197673979873)
((3, 1, 1e-08, 0), 4.147843038483746)
((3, 1, 1e-06, 0), 4.141057837093735)
((3, 1, 1e-10, 0), 4.154806573236273)
((4, 1, 1e-15, 0), 9.374167651038832)
((3, 1, 0.001, 0), 2.7021474316948844)
((3, 1, 0.01, 0), 1.627623803387318)
((3, 1, 1e-09, 0), 4.147730417537135)
((3, 1, 0.1, 0), 1.139161881492567)
((3, 1, 1e-05, 0), 4.083651768686748)
((4, 1, 1e-11, 0), 9.374167021544372)
((4, 1, 1e-12, 0), 9.374167566251995)
((4, 1, 1e-14, 0), 9.374167651111668)
((4, 1, 1e-13, 0), 9.374167635683744)
((4, 1, 1e-10, 0), 9.374161348367412)
((4, 1, 1e-08, 0), 9.373536088620524)
((4, 1, 1e-07, 0), 9.367864748970623)
((4, 1, 1e-06, 0), 9.312374822681441)
((4, 1, 1e-09, 0), 9.374104475354471)
((4, 1, 1e-05, 0), 8.852223858039107)
((4, 1, 0.01, 0), 2.98076959210477)
((4, 1, 0.0001, 0), 6.999624408079713)
((4, 1, 0.1, 0), 1.8658202245165931)
((4, 1, 0.001, 0), 4.585217354601779)
((5, 1, 1e-14, 0), 8.682880445369872)
((5, 1, 1e-15, 0), 8.682880445369872)
((5, 1, 1e-13, 0), 8.682880444947395)
((5, 1, 1e-12, 0), 8.682880447551996)
((5, 1, 1e-10, 0), 8.682880224508416)
((5, 1, 1e-11, 0), 8.682880424536595)
((5, 1, 1e-09, 0), 8.682878233059347)
((5, 1, 1e-06, 0), 8.680671751715385)
((5, 1, 1e-07, 0), 8.68265940620047)
((5, 1, 1e-08, 0), 8.682858340049027)
((5, 1, 1e-05, 0), 8.66096085744205)
((5, 1, 0.0001, 0), 8.478706295795027)
((5, 1, 0.001, 0), 7.38659240260904)
((5, 1, 0.1, 0), 3.1711014046185833)
((6, 1, 1e-14, 0), 8.436397186277949)
((6, 1, 1e-12, 0), 8.43639718610012)
((6, 1, 1e-15, 0), 8.436397186277949)
((6, 1, 1e-13, 0), 8.436397186277949)
((6, 1, 1e-11, 0), 8.436397183962496)
((5, 1, 0.01, 0), 5.072779808135502)
((6, 1, 1e-10, 0), 8.436397172021213)
((6, 1, 1e-09, 0), 8.436397047318243)
((6, 1, 1e-08, 0), 8.436395794577429)
((6, 1, 1e-07, 0), 8.436383264861346)
((6, 1, 1e-06, 0), 8.43625797439903)
((6, 1, 1e-05, 0), 8.435005768115701)
((6, 1, 0.0001, 0), 8.422551985779581)
((6, 1, 0.001, 0), 8.30435469348665)
((7, 1, 1e-13, 0), 8.514767233000317)
((7, 1, 1e-14, 0), 8.514767233000317)
((7, 1, 1e-10, 0), 8.51476723208023)
((7, 1, 1e-15, 0), 8.514767233000317)
((7, 1, 1e-11, 0), 8.514767233078974)
((7, 1, 1e-09, 0), 8.514767221266084)
((7, 1, 1e-08, 0), 8.514767112720111)
((6, 1, 0.1, 0), 5.339768760043144)
((7, 1, 1e-12, 0), 8.51476723297876)
((6, 1, 0.01, 0), 7.494727507326937)
((7, 1, 1e-07, 0), 8.514766026731198)
((7, 1, 1e-06, 0), 8.514755165633694)
((7, 1, 1e-05, 0), 8.514646564799332)
((7, 1, 0.0001, 0), 8.51356106874334)
((7, 1, 0.1, 0), 7.662351487414455)
((7, 1, 0.001, 0), 8.502757050241701)
((8, 1, 1e-14, 0), 8.89817305286496)
((7, 1, 0.01, 0), 8.39949086781508)
((8, 1, 1e-15, 0), 8.89817305286496)
((8, 1, 1e-13, 0), 8.89817305286496)
((8, 1, 1e-09, 0), 8.898173051923347)
((8, 1, 1e-12, 0), 8.898173052861603)
((8, 1, 1e-08, 0), 8.89817304034182)
((8, 1, 1e-10, 0), 8.898173053138963)
((8, 1, 1e-11, 0), 8.898173053053533)
((8, 1, 1e-07, 0), 8.898172922705676)
((8, 1, 1e-06, 0), 8.898171749830595)
((8, 1, 1e-05, 0), 8.898160021143884)
((8, 1, 0.0001, 0), 8.898042738595477)
((8, 1, 0.001, 0), 8.896870481626719)
((8, 1, 0.01, 0), 8.885204506844861)
((8, 1, 0.1, 0), 8.773835136500313)
((9, 1, 1e-14, 0), 9.622752176724044)
((9, 1, 1e-15, 0), 9.622752176724044)
((9, 1, 1e-13, 0), 9.622752176724044)
((9, 1, 1e-12, 0), 9.622752176724044)
((9, 1, 1e-10, 0), 9.622752176796087)
((9, 1, 1e-11, 0), 9.622752176715897)
((9, 1, 1e-09, 0), 9.622752176691922)
((9, 1, 1e-08, 0), 9.622752175145196)
((9, 1, 1e-07, 0), 9.622752159943953)
((9, 1, 1e-05, 0), 9.622750502727921)
((9, 1, 0.0001, 0), 9.622735435978246)
((9, 1, 1e-06, 0), 9.622752009328725)
((9, 1, 0.001, 0), 9.6225847783951)
((9, 1, 0.01, 0), 9.621079062254822)
((9, 1, 0.1, 0), 9.606107269150254)
--------------------------------------------------------------------------------
Cross validation total time taken: 18.490748643875122 seconds.