Estimator: NGRC
Total number of parameters: 120
Time started: 20240731-102030
Validation parameters: [501, 501, 501] (training, validation, jump)
Validation type: expanding
Task: Forecast
Normalisation type for inputs: None
Normalisation type for targets: NormStd
Error type: meansquare
--------------------------------------------------------------------------------
First log reached. Amount of time elapsed is 0.35554933547973633 seconds.
Estimated time to finish is 4.266592025756836 seconds.
--------------------------------------------------------------------------------
((1, 1, 1e-15, 0, False), 1.1473249469864641)
((1, 1, 1e-14, 0, False), 1.1473249469864641)
((1, 1, 1e-13, 0, False), 1.1473249469864641)
((1, 1, 1e-12, 0, False), 1.1473249469864637)
((1, 1, 1e-11, 0, False), 1.1473249469864635)
((1, 1, 1e-10, 0, False), 1.14732494698646)
((1, 1, 1e-09, 0, False), 1.1473249469864235)
((1, 1, 1e-08, 0, False), 1.1473249469860605)
((1, 1, 1e-07, 0, False), 1.1473249469824292)
((1, 1, 1e-06, 0, False), 1.147324946946116)
((1, 1, 1e-05, 0, False), 1.1473249465829842)
((1, 1, 0.0001, 0, False), 1.1473249429516683)
((1, 1, 0.001, 0, False), 1.1473249066386093)
((1, 1, 0.01, 0, False), 1.1473245435182011)
((1, 1, 0.1, 0, False), 1.1473209133319564)
((1, 2, 1e-15, 0, False), 1.055599071839143)
((1, 2, 1e-14, 0, False), 1.055599071839143)
((1, 2, 1e-13, 0, False), 1.0555990718391428)
((1, 2, 1e-12, 0, False), 1.0555990718391421)
((1, 2, 1e-11, 0, False), 1.055599071839135)
((1, 2, 1e-10, 0, False), 1.055599071839063)
((1, 2, 1e-09, 0, False), 1.0555990718383457)
((1, 2, 1e-08, 0, False), 1.0555990718311696)
((1, 2, 1e-07, 0, False), 1.0555990717594097)
((1, 2, 1e-06, 0, False), 1.0555990710418113)
((1, 2, 1e-05, 0, False), 1.0555990638658277)
((2, 1, 1e-15, 0, False), 1.1631138372317826)
((1, 2, 0.0001, 0, False), 1.0555989921060756)
((2, 1, 1e-14, 0, False), 1.1631138372317826)
((1, 2, 0.001, 0, False), 1.0555982745171035)
((2, 1, 1e-13, 0, False), 1.1631138372317826)
((1, 2, 0.01, 0, False), 1.0555910994822328)
((2, 1, 1e-12, 0, False), 1.1631138372317826)
((1, 2, 0.1, 0, False), 1.0555194344609073)
((2, 1, 1e-11, 0, False), 1.1631138372317817)
((2, 1, 1e-10, 0, False), 1.1631138372317733)
((2, 1, 1e-09, 0, False), 1.163113837231689)
((2, 1, 1e-08, 0, False), 1.1631138372308434)
((2, 1, 1e-07, 0, False), 1.163113837222392)
((2, 1, 1e-06, 0, False), 1.1631138371378755)
((2, 1, 1e-05, 0, False), 1.163113836292712)
((2, 1, 0.0001, 0, False), 1.1631138278410795)
((2, 1, 0.001, 0, False), 1.163113743325026)
((2, 1, 0.01, 0, False), 1.163112898191806)
((2, 1, 0.1, 0, False), 1.1631044495898455)
((3, 1, 1e-15, 0, False), 1.1799411123014185)
((3, 1, 1e-14, 0, False), 1.1799411123014185)
((3, 1, 1e-13, 0, False), 1.1799411123014185)
((3, 1, 1e-12, 0, False), 1.179941112301418)
((3, 1, 1e-11, 0, False), 1.1799411123014167)
((3, 1, 1e-10, 0, False), 1.1799411123014023)
((3, 1, 1e-09, 0, False), 1.1799411123012586)
((3, 1, 1e-08, 0, False), 1.1799411122998213)
((3, 1, 1e-07, 0, False), 1.1799411122854486)
((3, 1, 1e-06, 0, False), 1.1799411121417216)
((3, 1, 1e-05, 0, False), 1.1799411107044495)
((3, 1, 0.0001, 0, False), 1.1799410963317356)
((3, 1, 0.001, 0, False), 1.1799409526051219)
((3, 1, 0.01, 0, False), 1.1799395153914383)
((3, 1, 0.1, 0, False), 1.1799251484979867)
((2, 2, 1e-15, 0, False), 10.785041309416412)
((2, 2, 1e-14, 0, False), 10.785041309416412)
((2, 2, 1e-13, 0, False), 10.785041309404294)
((2, 2, 1e-12, 0, False), 10.785041309276004)
((2, 2, 1e-10, 0, False), 10.785041295473427)
((2, 2, 1e-11, 0, False), 10.785041308028735)
((2, 2, 1e-09, 0, False), 10.785041170006242)
((2, 2, 1e-08, 0, False), 10.78503991528262)
((2, 2, 1e-07, 0, False), 10.785027368084252)
((2, 2, 1e-06, 0, False), 10.78490189817148)
((2, 2, 1e-05, 0, False), 10.783647407997687)
((2, 2, 0.0001, 0, False), 10.77112336004668)
((2, 2, 0.001, 0, False), 10.647933054248067)
((2, 2, 0.01, 0, False), 9.59108157541599)
((2, 2, 0.1, 0, False), 5.536150300128383)
((4, 1, 1e-15, 0, False), 1.1963486848883846)
((4, 1, 1e-14, 0, False), 1.1963486848883846)
((4, 1, 1e-13, 0, False), 1.1963486848883844)
((4, 1, 1e-12, 0, False), 1.1963486848883842)
((4, 1, 1e-11, 0, False), 1.1963486848883822)
((4, 1, 1e-10, 0, False), 1.1963486848883618)
((4, 1, 1e-09, 0, False), 1.1963486848881575)
((4, 1, 1e-08, 0, False), 1.196348684886115)
((4, 1, 1e-07, 0, False), 1.1963486848656888)
((4, 1, 1e-06, 0, False), 1.196348684661427)
((4, 1, 1e-05, 0, False), 1.196348682618813)
((4, 1, 0.0001, 0, False), 1.196348662192676)
((4, 1, 0.001, 0, False), 1.1963484579321104)
((4, 1, 0.01, 0, False), 1.1963464154066177)
((4, 1, 0.1, 0, False), 1.1963259981645464)
((3, 2, 1e-15, 0, False), 3.1353439338478766)
((3, 2, 1e-14, 0, False), 3.1353439338478766)
((3, 2, 1e-13, 0, False), 3.1353439338478055)
((3, 2, 1e-12, 0, False), 3.1353439338475746)
((3, 2, 1e-10, 0, False), 3.1355717665391465)
((3, 2, 1e-11, 0, False), 3.1353439338408444)
((3, 2, 1e-07, 0, False), 3.1353443985621103)
((3, 2, 1e-08, 0, False), 3.1353419831837646)
((3, 2, 1e-09, 0, False), 3.1353401864747013)
((3, 2, 1e-06, 0, False), 3.1353431954663824)
((3, 2, 1e-05, 0, False), 3.1353367345822223)
((3, 2, 0.0001, 0, False), 3.1352718997461535)
((3, 2, 0.001, 0, False), 3.1346239501957927)
((3, 2, 0.01, 0, False), 3.1281800801767345)
((3, 2, 0.1, 0, False), 3.067093295725056)
((4, 2, 1e-14, 0, False), 3.241827887948202)
((4, 2, 1e-09, 0, False), 3.241966625164385)
((4, 2, 1e-08, 0, False), 3.2418345882682167)
((4, 2, 0.1, 0, False), 3.183058968547779)
((4, 2, 1e-06, 0, False), 3.241827306548464)
((4, 2, 1e-07, 0, False), 3.2418277114410605)
((4, 2, 1e-15, 0, False), 3.241827887948202)
((4, 2, 1e-12, 0, False), 3.241827887947695)
((4, 2, 1e-13, 0, False), 3.241827887948202)
((4, 2, 0.0001, 0, False), 3.2417660640961414)
((4, 2, 0.001, 0, False), 3.2412099458398522)
((4, 2, 1e-05, 0, False), 3.2418217100785482)
((4, 2, 0.01, 0, False), 3.235677425827375)
((4, 2, 1e-10, 0, False), 3.2442001807628444)
((4, 2, 1e-11, 0, False), 3.2418278879419815)
--------------------------------------------------------------------------------
Cross validation total time taken: 23.8819739818573 seconds.