Estimator: PolynomialKernel
Total number of parameters: 1515
Time started: 20240731-110112
Validation parameters: [501, 501, 501] (training, validation, jump)
Validation type: expanding
Task: Forecast
Normalisation type for inputs: MinMax
Normalisation type for targets: NormStd
Error type: meansquare
MinMax range for inputs: (0, 1) 
--------------------------------------------------------------------------------
First log reached. Amount of time elapsed is 16.712040662765503 seconds.
Estimated time to finish is 250.68060994148254 seconds.
--------------------------------------------------------------------------------
((1, 1, 1e-11, 0), 1.1506336805143897)
((1, 1, 1e-15, 0), 547396.9411979535)
((1, 1, 1e-10, 0), 1.1473190215851499)
((1, 1, 1e-09, 0), 1.1473310496627445)
((1, 1, 1e-08, 0), 1.147324392286346)
((1, 1, 1e-13, 0), 4048.5732043694743)
((1, 1, 1e-14, 0), 285412.43196822726)
((1, 1, 1e-07, 0), 1.1473248073088171)
((1, 1, 1e-12, 0), 1.3377453123415473)
((1, 1, 1e-05, 0), 1.147324928714328)
((1, 1, 1e-06, 0), 1.1473249274776052)
((1, 1, 0.0001, 0), 1.1473247560925393)
((1, 1, 0.001, 0), 1.1473230371039778)
((1, 1, 0.1, 0), 1.1471376822605004)
((1, 1, 0.01, 0), 1.147305882926219)
((1, 2, 1e-15, 0), 373435.7139627722)
((1, 2, 1e-12, 0), 1.8481318743230364)
((1, 2, 1e-11, 0), 1.170215711630692)
((1, 2, 1e-14, 0), 58163.70113266393)
((1, 2, 1e-10, 0), 1.1630597692539069)
((1, 2, 1e-07, 0), 1.1631967400988334)
((1, 2, 1e-09, 0), 1.163195942357913)
((1, 2, 0.01, 0), 1.1631448181362976)
((1, 2, 1e-13, 0), 1068414.157854482)
((1, 2, 1e-06, 0), 1.163196811858288)
((1, 2, 1e-05, 0), 1.1631967972904644)
((1, 2, 0.1, 0), 1.1626933851869663)
((1, 2, 1e-08, 0), 1.1631969657108183)
((1, 2, 0.001, 0), 1.1631916292093505)
((1, 3, 1e-14, 0), 2220151.7507782225)
((1, 3, 1e-15, 0), 16775.785666789307)
((1, 2, 0.0001, 0), 1.1631963277716881)
((1, 3, 1e-11, 0), 1.1927111869093587)
((1, 3, 1e-12, 0), 2.6178795973953535)
((1, 3, 1e-09, 0), 1.1800039994701383)
((1, 3, 1e-13, 0), 62875.89162651296)
((1, 3, 1e-10, 0), 1.180129180537213)
((1, 3, 1e-08, 0), 1.1800314847698938)
((1, 3, 1e-06, 0), 1.1800347516537104)
((1, 3, 1e-05, 0), 1.180034671386111)
((1, 3, 0.01, 0), 1.1799334851792669)
((1, 3, 1e-07, 0), 1.1800347844746737)
((1, 3, 0.0001, 0), 1.18003375365523)
((1, 3, 0.001, 0), 1.1800245873635824)
((1, 3, 0.1, 0), 1.179073523420183)
((1, 4, 1e-12, 0), 3.943505631393221)
((1, 4, 1e-11, 0), 1.218361647253987)
((1, 4, 1e-13, 0), 748788.8333151146)
((1, 4, 1e-15, 0), 2974707.3047131835)
((1, 4, 1e-14, 0), 29091.507365491114)
((1, 4, 1e-10, 0), 1.1968509894682238)
((1, 4, 1e-07, 0), 1.1967040834339537)
((1, 4, 1e-08, 0), 1.1967009934325403)
((1, 4, 0.01, 0), 1.1965462862696028)
((1, 4, 1e-06, 0), 1.1967047990742634)
((1, 4, 1e-09, 0), 1.1967759455254334)
((1, 4, 0.0001, 0), 1.1967032207414507)
((1, 4, 0.001, 0), 1.1966888400337967)
((1, 4, 1e-05, 0), 1.1967046613225418)
((1, 4, 0.1, 0), 1.19523000063661)
((1, 5, 1e-12, 0), 5.849490489084859)
((1, 5, 1e-15, 0), 72733.16448181357)
((1, 5, 1e-13, 0), 344294.1930507698)
((1, 5, 1e-14, 0), 26024.07376524321)
((1, 5, 1e-11, 0), 1.2410438276270574)
((1, 5, 1e-10, 0), 1.2128251017949752)
((1, 5, 1e-08, 0), 1.2133905415013346)
((1, 5, 1e-09, 0), 1.2133460413853718)
((1, 5, 1e-07, 0), 1.2133959651282604)
((1, 5, 1e-06, 0), 1.2133960683587752)
((1, 5, 0.001, 0), 1.2133729562511253)
((1, 5, 1e-05, 0), 1.2133959093818651)
((1, 5, 0.1, 0), 1.2113101064297584)
((1, 5, 0.01, 0), 1.213166712982612)
((1, 5, 0.0001, 0), 1.2133938253305632)
((1, 6, 1e-13, 0), 82005.96621436873)
((1, 6, 1e-14, 0), 39371.33725668534)
((1, 6, 1e-15, 0), 323756.16203794593)
((1, 6, 1e-12, 0), 7.550543206777391)
((1, 6, 1e-07, 0), 1.2325379007889794)
((1, 6, 1e-09, 0), 1.232548613658511)
((1, 6, 1e-10, 0), 1.2328863307969349)
((1, 6, 1e-11, 0), 1.284846074506129)
((1, 6, 1e-08, 0), 1.2325400906771657)
((1, 6, 1e-05, 0), 1.2325378006805807)
((1, 6, 1e-06, 0), 1.2325380735516558)
((1, 6, 0.0001, 0), 1.2325349183571161)
((1, 6, 0.001, 0), 1.2325061558022292)
((1, 6, 0.1, 0), 1.2297288678278626)
((1, 6, 0.01, 0), 1.2322227154452503)
((1, 7, 1e-12, 0), 10.825588786514684)
((1, 7, 1e-14, 0), 636024.9224777535)
((1, 7, 1e-15, 0), 103922.78391248993)
((1, 7, 1e-13, 0), 969871.7645527364)
((1, 7, 1e-10, 0), 1.2532120002124452)
((1, 7, 1e-08, 0), 1.2529596462029509)
((1, 7, 1e-09, 0), 1.2528963743454935)
((1, 7, 1e-11, 0), 1.3061339002937364)
((1, 7, 1e-07, 0), 1.2529616369194856)
((1, 7, 1e-06, 0), 1.2529617766422254)
((1, 7, 1e-05, 0), 1.2529613168911515)
((1, 7, 0.0001, 0), 1.2529574632377458)
((1, 7, 0.001, 0), 1.2529189455149863)
((1, 7, 0.01, 0), 1.2525405475667144)
((1, 7, 0.1, 0), 1.2492889761067068)
((1, 8, 1e-15, 0), 4300050.354056387)
((1, 8, 1e-12, 0), 4748.609526211878)
((1, 8, 1e-13, 0), 14862.419296214872)
((1, 8, 1e-14, 0), 948390.3742324557)
((1, 8, 1e-11, 0), 1.382342706952135)
((1, 8, 1e-09, 0), 1.2760897611973425)
((1, 8, 1e-10, 0), 1.2774467947683488)
((1, 8, 1e-08, 0), 1.2760385282288496)
((1, 8, 1e-07, 0), 1.2760318839064653)
((1, 8, 1e-06, 0), 1.276031505734896)
((1, 8, 0.0001, 0), 1.2760253970349587)
((1, 8, 1e-05, 0), 1.276030882458357)
((1, 8, 0.1, 0), 1.2709955290782462)
((1, 8, 0.001, 0), 1.2759706887251296)
((1, 8, 0.01, 0), 1.275435639491206)
((1, 9, 1e-13, 0), 31095.98182596788)
((1, 9, 1e-11, 0), 1.406031404632348)
((1, 9, 1e-09, 0), 1.3000700877449236)
((1, 9, 1e-14, 0), 183519.75956054183)
((1, 9, 1e-12, 0), 3294.7749195665683)
((1, 9, 1e-15, 0), 52698.89441080899)
((1, 9, 1e-10, 0), 1.3014263571073657)
((1, 9, 1e-08, 0), 1.300083230028748)
((1, 9, 0.01, 0), 1.2992548942565103)
((1, 9, 0.1, 0), 1.2933380554672798)
((1, 9, 1e-05, 0), 1.3000786071359678)
((1, 9, 1e-07, 0), 1.3000797903424766)
((1, 9, 1e-06, 0), 1.3000793577625385)
((1, 9, 0.001, 0), 1.2999949271205924)
((1, 10, 1e-15, 0), 189328.68722503283)
((1, 9, 0.0001, 0), 1.30007097657093)
((1, 10, 1e-13, 0), 26637.627130678717)
((1, 10, 1e-14, 0), 926370.5138696453)
((1, 10, 1e-10, 0), 1.327291372218033)
((1, 10, 1e-11, 0), 1.4712363721385224)
((1, 10, 1e-12, 0), 135102.91932956112)
((1, 10, 1e-09, 0), 1.3242755760473033)
((1, 10, 1e-07, 0), 1.3242128510610085)
((1, 10, 1e-06, 0), 1.3242123327095583)
((1, 10, 0.0001, 0), 1.3242018755949958)
((1, 10, 1e-08, 0), 1.3242222421120466)
((1, 10, 0.01, 0), 1.3231928373509554)
((1, 10, 0.001, 0), 1.3241075024047502)
((1, 10, 1e-05, 0), 1.3242113558271336)
((1, 10, 0.1, 0), 1.316065632233738)
((1, 11, 1e-12, 0), 27719.146678389283)
((1, 11, 1e-15, 0), 113642.53560326838)
((1, 11, 1e-14, 0), 82719.09655132769)
((1, 11, 1e-13, 0), 80981.94534502746)
((1, 11, 1e-11, 0), 1.496086433037048)
((1, 11, 1e-09, 0), 1.3466659735345723)
((1, 11, 1e-10, 0), 1.3463253001203248)
((1, 12, 1e-15, 0), 595414.2540745257)
((1, 11, 1e-06, 0), 1.3468290644975862)
((1, 11, 1e-07, 0), 1.34682867151304)
((1, 11, 1e-05, 0), 1.3468280253761535)
((1, 11, 0.01, 0), 1.3455843073278886)
((1, 11, 1e-08, 0), 1.3468254843366478)
((1, 12, 1e-10, 0), 1.3731034671803761)
((1, 11, 0.001, 0), 1.3467006082200006)
((1, 12, 1e-14, 0), 24243.541068927287)
((1, 12, 1e-13, 0), 144748.34847093667)
((1, 12, 1e-08, 0), 1.3715162943271664)
((1, 12, 1e-12, 0), 1898.666497305608)
((1, 11, 0.1, 0), 1.3371776237182587)
((1, 12, 0.01, 0), 1.3700489878612554)
((1, 12, 1e-11, 0), 1.5460249965012984)
((1, 12, 1e-06, 0), 1.3715211186700862)
((1, 12, 0.001, 0), 1.3713682270054715)
((1, 12, 1e-07, 0), 1.3715220450029524)
((1, 12, 1e-05, 0), 1.371519648725919)
((1, 12, 1e-09, 0), 1.3714726043768264)
((1, 12, 0.1, 0), 1.3604102002825482)
((1, 12, 0.0001, 0), 1.3715058344159705)
((1, 11, 0.0001, 0), 1.346816409579363)
((1, 13, 1e-13, 0), 317065.7460650006)
((1, 13, 1e-15, 0), 693687.0760563731)
((1, 13, 1e-14, 0), 33000.52431087081)
((1, 13, 1e-11, 0), 1.6022469069290615)
((1, 13, 1e-09, 0), 1.4002698992274751)
((1, 13, 1e-12, 0), 23285.80298714777)
((1, 13, 1e-10, 0), 1.4026373902431308)
((1, 13, 1e-07, 0), 1.4001360612101332)
((1, 13, 1e-06, 0), 1.4001357776801826)
((1, 13, 1e-08, 0), 1.4001472440862874)
((1, 13, 0.0001, 0), 1.400117926462714)
((1, 13, 1e-05, 0), 1.4001340723938867)
((1, 13, 0.01, 0), 1.3984269791271495)
((1, 13, 0.001, 0), 1.399957300980125)
((1, 13, 0.1, 0), 1.38755606367106)
((1, 14, 1e-13, 0), 55906.71753853328)
((1, 14, 1e-12, 0), 117325.16685197887)
((1, 14, 1e-15, 0), 307801.18059561786)
((1, 14, 1e-14, 0), 238195.82820674047)
((1, 14, 1e-11, 0), 1.6646362543812958)
((1, 14, 1e-09, 0), 1.4285408627919947)
((1, 14, 1e-10, 0), 1.4333250026297577)
((1, 14, 1e-08, 0), 1.4284316264026051)
((1, 14, 1e-07, 0), 1.4284243793100608)
((1, 14, 1e-06, 0), 1.4284217332498812)
((1, 14, 1e-05, 0), 1.4284198599776767)
((1, 14, 0.1, 0), 1.4144572892489378)
((1, 14, 0.01, 0), 1.4264652812350553)
((1, 14, 0.0001, 0), 1.428401198970382)
((1, 14, 0.001, 0), 1.4282157868871934)
((1, 15, 1e-12, 0), 6898.375320246688)
((1, 15, 1e-14, 0), 2347679.782235743)
((1, 15, 1e-13, 0), 953103.8284329273)
((1, 15, 1e-11, 0), 1.6912050767046107)
((1, 15, 1e-10, 0), 1.4608148820289553)
((1, 15, 1e-15, 0), 80860.90124626328)
((1, 15, 1e-09, 0), 1.4584410860432702)
((1, 15, 1e-08, 0), 1.4584685250657967)
((1, 15, 1e-07, 0), 1.4584649692252412)
((1, 15, 0.001, 0), 1.4582215149141458)
((1, 15, 1e-05, 0), 1.458462050665508)
((1, 15, 0.1, 0), 1.442837134445241)
((1, 15, 1e-06, 0), 1.4584643738880694)
((1, 15, 0.01, 0), 1.4561853901871562)
((1, 16, 1e-15, 0), 11176.08594142986)
((1, 15, 0.0001, 0), 1.4584400332854857)
((1, 16, 1e-12, 0), 14267.949390147149)
((1, 16, 1e-14, 0), 822956.1615933722)
((1, 16, 1e-11, 0), 1.7889277272725947)
((1, 16, 1e-09, 0), 1.4931549308926566)
((1, 16, 1e-13, 0), 3460738.6393083176)
((1, 16, 1e-10, 0), 1.4953460519291206)
((1, 16, 1e-07, 0), 1.4930848059719595)
((1, 16, 1e-08, 0), 1.493087140334961)
((1, 16, 1e-05, 0), 1.4930819446180157)
((1, 16, 0.0001, 0), 1.4930528332151725)
((1, 16, 1e-06, 0), 1.493084758736206)
((1, 16, 0.001, 0), 1.49276451923197)
((1, 16, 0.01, 0), 1.4901372224652811)
((1, 16, 0.1, 0), 1.4743031426048316)
((1, 17, 1e-15, 0), 15873.100444138981)
((1, 17, 1e-08, 0), 1.5338141729752033)
((1, 17, 1e-09, 0), 1.5338607667100228)
((1, 17, 1e-10, 0), 1.5367425146938243)
((1, 17, 1e-12, 0), 43347.831465957934)
((1, 17, 1e-14, 0), 15796.765266027098)
((1, 17, 1e-07, 0), 1.533812338262586)
((1, 17, 1e-11, 0), 1.8440163377178382)
((1, 17, 1e-13, 0), 181478.39329917447)
((1, 17, 1e-06, 0), 1.5338119069973124)
((1, 17, 0.0001, 0), 1.5337711782563759)
((1, 17, 0.001, 0), 1.5334063183359692)
((1, 17, 1e-05, 0), 1.5338081431078905)
((1, 17, 0.01, 0), 1.5301695292234854)
((1, 17, 0.1, 0), 1.5119656919666247)
((1, 18, 1e-15, 0), 4585.676014886571)
((1, 18, 1e-14, 0), 722218.1501758385)
((1, 18, 0.0001, 0), 1.5777983966498974)
((1, 18, 1e-13, 0), 8440.709128511895)
((1, 18, 1e-11, 0), 2.0302707985030763)
((1, 18, 1e-10, 0), 1.581939683524243)
((1, 18, 1e-05, 0), 1.5778463079378395)
((1, 18, 1e-12, 0), 224806.51566831456)
((1, 18, 0.001, 0), 1.5773277930097627)
((1, 18, 1e-08, 0), 1.5778584000585196)
((1, 18, 1e-06, 0), 1.5778512543364767)
((1, 18, 1e-07, 0), 1.577851505615693)
((1, 18, 1e-09, 0), 1.5781085217753792)
((1, 18, 0.01, 0), 1.5733019531100605)
((1, 18, 0.1, 0), 1.5523458268099153)
((1, 19, 1e-15, 0), 70846.097410115)
((1, 19, 1e-14, 0), 24204.638698222912)
((1, 19, 1e-07, 0), 1.6239477555809352)
((1, 19, 1e-13, 0), 14087.560795885187)
((1, 19, 1e-12, 0), 3075.42975044232)
((1, 19, 1e-08, 0), 1.6239334551061404)
((1, 19, 1e-09, 0), 1.6239802373899157)
((1, 19, 1e-11, 0), 2.0512455537715835)
((1, 19, 1e-10, 0), 1.62683622958677)
((1, 19, 0.01, 0), 1.617884675326323)
((1, 19, 1e-06, 0), 1.6239463703585653)
((1, 19, 0.001, 0), 1.6232244975781764)
((1, 19, 0.0001, 0), 1.62387352349377)
((1, 19, 1e-05, 0), 1.6239398786660657)
((1, 19, 0.1, 0), 1.5925744779286979)
((1, 20, 1e-15, 0), 13449.65135373343)
((1, 20, 1e-13, 0), 14769.46777666125)
((1, 20, 1e-14, 0), 107514.52097439684)
((1, 20, 1e-12, 0), 569966.8289189532)
((1, 20, 1e-11, 0), 2.1349459776021424)
((1, 20, 1e-05, 0), 1.6751535306247285)
((1, 20, 0.0001, 0), 1.675058466771236)
((1, 20, 1e-09, 0), 1.675413363878699)
((1, 20, 0.01, 0), 1.6667482222064507)
((1, 20, 0.001, 0), 1.6741327082543158)
((1, 20, 1e-07, 0), 1.6751657080517794)
((1, 20, 1e-10, 0), 1.6798825011811238)
((1, 20, 1e-06, 0), 1.6751633768295366)
((1, 20, 1e-08, 0), 1.6751740989076687)
((1, 20, 0.1, 0), 1.634657818916137)
((1, 21, 1e-15, 0), 671525.8509653506)
((1, 21, 1e-14, 0), 19702.147650257306)
((1, 21, 1e-12, 0), 11894.559671849798)
((1, 21, 1e-13, 0), 25796.668080737265)
((1, 21, 1e-11, 0), 2.1828001509571644)
((1, 21, 1e-10, 0), 1.737156727887168)
((1, 21, 1e-09, 0), 1.731754130097105)
((1, 21, 1e-08, 0), 1.7315697276264252)
((1, 21, 1e-07, 0), 1.7315575888646457)
((1, 21, 0.1, 0), 1.6797188384820363)
((1, 21, 1e-06, 0), 1.7315561413030942)
((1, 21, 0.001, 0), 1.730096270743692)
((1, 21, 0.01, 0), 1.7200637105842582)
((1, 21, 0.0001, 0), 1.7314071348588214)
((1, 21, 1e-05, 0), 1.7315424184178572)
((1, 22, 1e-11, 0), 2.3287288858455746)
((1, 22, 1e-15, 0), 145822.6356834792)
((1, 22, 1e-13, 0), 17608.95741913729)
((1, 22, 1e-05, 0), 1.7988412748666291)
((1, 22, 1e-12, 0), 624695.1999592137)
((1, 22, 1e-09, 0), 1.7989094961934433)
((1, 22, 1e-10, 0), 1.8019868045101226)
((1, 23, 1e-13, 0), 41332.28276690813)
((1, 22, 1e-14, 0), 33132.903816453145)
((1, 23, 1e-14, 0), 55696.368441751474)
((1, 23, 1e-15, 0), 3221287.5969837834)
((1, 22, 0.0001, 0), 1.7986273998104145)
((1, 22, 1e-08, 0), 1.7988618188149545)
((1, 22, 1e-06, 0), 1.79886272191699)
((1, 22, 0.01, 0), 1.781604864309153)
((1, 22, 0.001, 0), 1.7965689267922884)
((1, 22, 1e-07, 0), 1.7988660422985603)
((1, 23, 1e-12, 0), 44973.95982738673)
((1, 22, 0.1, 0), 1.7281302902000095)
((1, 23, 1e-11, 0), 2.4597122283659965)
((1, 23, 1e-10, 0), 1.8946924615305742)
((1, 23, 1e-08, 0), 1.8891948341865725)
((1, 23, 1e-09, 0), 1.889069319052951)
((1, 23, 0.0001, 0), 1.8888427527942226)
((1, 23, 1e-07, 0), 1.8891931953846153)
((1, 23, 1e-06, 0), 1.889191726609242)
((1, 23, 1e-05, 0), 1.8891598833415226)
((1, 23, 0.001, 0), 1.8858076661266991)
((1, 23, 0.01, 0), 1.8645650648766057)
((1, 23, 0.1, 0), 1.7909654491041607)
((1, 24, 1e-13, 0), 16409.50744245472)
((1, 24, 1e-12, 0), 80594.86878169958)
((1, 24, 1e-14, 0), 205761.71830917505)
((1, 24, 1e-15, 0), 50571.35864624254)
((1, 24, 1e-11, 0), 2.580202624043153)
((1, 24, 1e-08, 0), 2.0084584017448606)
((1, 24, 1e-09, 0), 2.008401684048509)
((1, 24, 1e-10, 0), 2.013080679442597)
((1, 24, 1e-07, 0), 2.00847060236388)
((1, 24, 1e-06, 0), 2.0084637268503145)
((1, 24, 1e-05, 0), 2.0084101437155764)
((1, 24, 0.01, 0), 1.9692824451172257)
((1, 24, 0.1, 0), 1.8623513361976276)
((1, 24, 0.001, 0), 2.002810197770599)
((1, 24, 0.0001, 0), 2.0078762955887064)
((1, 25, 1e-12, 0), 3399632.963232325)
((1, 25, 1e-15, 0), 16724.612474581314)
((1, 25, 1e-13, 0), 247831.33491448624)
((1, 25, 1e-11, 0), 2.7088124901702075)
((1, 25, 1e-14, 0), 271431.08466646296)
((1, 25, 1e-10, 0), 2.175507087978805)
((1, 25, 1e-09, 0), 2.1686555028367094)
((1, 25, 1e-08, 0), 2.1683567832056045)
((1, 25, 1e-07, 0), 2.168331988692521)
((1, 25, 0.1, 0), 1.9499538939160863)
((1, 25, 0.001, 0), 2.159386671478617)
((1, 25, 1e-05, 0), 2.168235702517958)
((1, 25, 1e-06, 0), 2.168321245531044)
((1, 25, 0.0001, 0), 2.167387145590091)
((1, 25, 0.01, 0), 2.1083678310439895)
((1, 26, 1e-15, 0), 10809.737405681659)
((1, 26, 1e-13, 0), 104284.79990801492)
((1, 26, 1e-10, 0), 2.3672269692017625)
((1, 26, 1e-14, 0), 258900.29987091548)
((1, 26, 1e-12, 0), 223874.13483805303)
((1, 26, 1e-07, 0), 2.361977874538415)
((1, 26, 1e-11, 0), 3.000975597327357)
((1, 26, 1e-09, 0), 2.362007108104797)
((1, 26, 1e-08, 0), 2.3619715015441782)
((1, 26, 1e-05, 0), 2.3618352341490167)
((1, 26, 1e-06, 0), 2.3619668034064336)
((1, 26, 0.001, 0), 2.348270911945564)
((1, 26, 0.1, 0), 2.039245320352047)
((1, 26, 0.0001, 0), 2.360528429466581)
((1, 27, 1e-12, 0), 43586.69237917541)
((1, 26, 0.01, 0), 2.2718932257565987)
((1, 27, 1e-14, 0), 495940.544865256)
((1, 27, 1e-13, 0), 336570.2765637821)
((1, 27, 1e-15, 0), 26045.46306874969)
((1, 27, 1e-11, 0), 3.3808888761482705)
((1, 27, 1e-08, 0), 2.637056160963474)
((1, 27, 1e-07, 0), 2.6370361021623934)
((1, 27, 1e-09, 0), 2.6371378375345684)
((1, 27, 1e-10, 0), 2.6462077169213702)
((1, 27, 1e-06, 0), 2.637013033036751)
((1, 27, 0.01, 0), 2.4956881119468006)
((1, 27, 1e-05, 0), 2.636796431983929)
((1, 27, 0.0001, 0), 2.6346484421471015)
((1, 27, 0.001, 0), 2.6146940666373255)
((1, 27, 0.1, 0), 2.145103160552612)
((1, 28, 1e-14, 0), 49245.81308456925)
((1, 28, 1e-15, 0), 42989.83746452783)
((1, 28, 1e-12, 0), 38199.25494077888)
((1, 28, 1e-13, 0), 72944.85741992516)
((1, 28, 1e-09, 0), 3.0044390469108357)
((1, 28, 1e-11, 0), 3.661341425439595)
((1, 28, 1e-08, 0), 3.0042101952828224)
((1, 28, 1e-07, 0), 3.004170206232403)
((1, 28, 1e-06, 0), 3.004138811464938)
((1, 28, 1e-10, 0), 3.0103102151164434)
((1, 28, 1e-05, 0), 3.0038373740995756)
((1, 28, 0.01, 0), 2.806639914415603)
((1, 28, 0.0001, 0), 3.0008496567933554)
((1, 29, 1e-10, 0), 3.7335345722446065)
((1, 28, 0.001, 0), 2.9732505783495444)
((1, 29, 1e-15, 0), 18831.74244041903)
((1, 29, 1e-11, 0), 4.465944243219217)
((1, 29, 1e-12, 0), 4337.139441727186)
((1, 28, 0.1, 0), 2.2682807417266675)
((1, 29, 1e-14, 0), 100303.1653264892)
((1, 29, 1e-09, 0), 3.727903803952059)
((1, 29, 1e-13, 0), 79156.47335965987)
((1, 29, 1e-06, 0), 3.728156162675068)
((1, 29, 1e-05, 0), 3.7274752365168906)
((1, 29, 1e-07, 0), 3.7282246987231744)
((1, 29, 0.0001, 0), 3.7207355109392153)
((1, 29, 0.1, 0), 2.3831057242745137)
((1, 29, 1e-08, 0), 3.7282327204441423)
((1, 29, 0.001, 0), 3.659399301285478)
((1, 29, 0.01, 0), 3.3042165783549224)
((1, 30, 1e-15, 0), 51792.12272087229)
((1, 30, 1e-11, 0), 5.661688149605021)
((1, 30, 1e-13, 0), 690538.8527654897)
((1, 30, 1e-14, 0), 46013.4335257945)
((1, 30, 1e-10, 0), 4.811926233540396)
((1, 30, 1e-09, 0), 4.804822903788937)
((1, 30, 1e-08, 0), 4.804780914583001)
((1, 30, 1e-12, 0), 13577.994798608252)
((1, 30, 1e-06, 0), 4.8045401693695755)
((1, 30, 1e-07, 0), 4.80475040836375)
((1, 30, 0.001, 0), 4.604592264810263)
((1, 30, 1e-05, 0), 4.802421161824464)
((1, 30, 0.0001, 0), 4.781613523593499)
((1, 30, 0.01, 0), 3.8027473341466056)
((1, 30, 0.1, 0), 2.4480629202930686)
((1, 31, 1e-12, 0), 999792.2585766468)
((1, 31, 1e-13, 0), 15478.3905249673)
((1, 31, 1e-15, 0), 107933.75350601548)
((1, 31, 1e-14, 0), 87627.8755545123)
((1, 31, 1e-11, 0), 15.183674377868527)
((1, 31, 1e-10, 0), 14.110681763010135)
((1, 31, 1e-09, 0), 14.114437696761907)
((1, 31, 0.0001, 0), 13.270353313983733)
((1, 31, 1e-05, 0), 14.022401380256051)
((1, 31, 1e-08, 0), 14.11350522980733)
((1, 31, 1e-07, 0), 14.112717892997768)
((1, 31, 0.1, 0), 2.5024011694726367)
((1, 31, 1e-06, 0), 14.104437793885984)
((1, 31, 0.001, 0), 9.314761421243098)
((1, 31, 0.01, 0), 4.604314439579151)
((1, 32, 1e-15, 0), 71381.19126540715)
((1, 32, 1e-06, 0), 12.291413273169281)
((1, 32, 1e-07, 0), 12.294680896180662)
((1, 32, 1e-13, 0), 201558.40273109128)
((1, 32, 1e-10, 0), 12.301548939360236)
((1, 32, 1e-08, 0), 12.295019148282453)
((1, 32, 1e-11, 0), 13.191086500558686)
((1, 32, 1e-14, 0), 47787.93294661999)
((1, 32, 1e-12, 0), 200896.70177349343)
((1, 32, 1e-09, 0), 12.295146959531962)
((1, 32, 1e-05, 0), 12.258857994454495)
((1, 32, 0.1, 0), 2.543348709283601)
((1, 32, 0.001, 0), 9.689651237502034)
((1, 32, 0.01, 0), 4.911975548051533)
((1, 32, 0.0001, 0), 11.94544104533848)
((1, 33, 1e-12, 0), 23424.01844285449)
((1, 33, 1e-09, 0), 5.59599647167064)
((1, 33, 1e-15, 0), 3890409.4139418406)
((1, 33, 1e-14, 0), 3890409.4139418406)
((1, 33, 1e-13, 0), 33431.08574689601)
((1, 33, 1e-11, 0), 6.541473890381307)
((1, 33, 1e-10, 0), 5.60437048113954)
((1, 33, 1e-08, 0), 5.59609336264126)
((1, 33, 1e-07, 0), 5.596091200515963)
((1, 33, 0.01, 0), 4.2366625673776666)
((1, 33, 0.001, 0), 5.37694842930794)
((1, 33, 0.0001, 0), 5.572727071724364)
((1, 33, 1e-05, 0), 5.59376313749614)
((1, 33, 1e-06, 0), 5.595882119877336)
((1, 33, 0.1, 0), 2.534049606115725)
((1, 34, 1e-14, 0), 188950.24524834883)
((1, 34, 1e-15, 0), 188950.24524834883)
((1, 34, 1e-13, 0), 113262.10000670538)
((1, 34, 1e-12, 0), 54206.62821549711)
((1, 34, 1e-11, 0), 5.813082073313134)
((1, 34, 1e-10, 0), 4.303428121538478)
((1, 34, 1e-06, 0), 4.2954168050137325)
((1, 34, 1e-09, 0), 4.295618846237519)
((1, 34, 1e-07, 0), 4.2954827222724195)
((1, 34, 1e-08, 0), 4.2954981822230165)
((1, 34, 0.0001, 0), 4.287950118457855)
((1, 34, 1e-05, 0), 4.294736015633458)
((1, 34, 0.001, 0), 4.222277581267313)
((1, 35, 1e-15, 0), 166893.0344898355)
((1, 35, 1e-11, 0), 5.1707705358431975)
((1, 34, 0.1, 0), 2.5119507315583234)
((1, 35, 1e-14, 0), 166893.0344898355)
((1, 35, 1e-12, 0), 15945.466237162016)
((1, 34, 0.01, 0), 3.7288644551039667)
((1, 35, 1e-13, 0), 429772.19328426744)
((1, 35, 1e-09, 0), 3.6595924384997778)
((1, 35, 1e-08, 0), 3.6597974258463473)
((1, 35, 0.0001, 0), 3.6561457102087473)
((1, 35, 1e-10, 0), 3.6680688708205387)
((1, 35, 1e-07, 0), 3.659815999290122)
((1, 35, 1e-06, 0), 3.659783120916198)
((1, 35, 1e-05, 0), 3.6594519165019306)
((1, 35, 0.1, 0), 2.4770848421678466)
((1, 35, 0.01, 0), 3.356991770816971)
((1, 35, 0.001, 0), 3.623776007398124)
((1, 36, 1e-15, 0), 22611.74716639843)
((1, 36, 1e-13, 0), 12237855.501712818)
((1, 36, 1e-14, 0), 22611.74716639843)
((1, 36, 1e-12, 0), 11847.781065470374)
((1, 36, 1e-11, 0), 5.014083379517077)
((1, 36, 1e-08, 0), 3.296551112654651)
((1, 36, 0.0001, 0), 3.294446691739118)
((1, 36, 1e-09, 0), 3.2966632302547607)
((1, 36, 1e-10, 0), 3.3062955900105813)
((1, 36, 1e-06, 0), 3.29653994142691)
((1, 36, 1e-05, 0), 3.2963495825511857)
((1, 36, 1e-07, 0), 3.2965581275580194)
((1, 37, 1e-15, 0), 22556.256944546607)
((1, 36, 0.001, 0), 3.2757043980064617)
((1, 37, 1e-14, 0), 22556.256944546607)
((1, 37, 1e-10, 0), 3.024637509518411)
((1, 37, 1e-13, 0), 5901.371618091133)
((1, 36, 0.01, 0), 3.113095005422661)
((1, 36, 0.1, 0), 2.454769468545611)
((1, 37, 1e-12, 0), 52606.92938645759)
((1, 37, 1e-09, 0), 3.0147454665055524)
((1, 37, 1e-11, 0), 4.4206132943428145)
((1, 37, 1e-07, 0), 3.014656899871692)
((1, 37, 1e-08, 0), 3.014634060580975)
((1, 37, 1e-06, 0), 3.0146444875469744)
((1, 37, 1e-05, 0), 3.014529828341419)
((1, 37, 0.001, 0), 3.0021051876252374)
((1, 37, 0.1, 0), 2.4272961935906165)
((1, 37, 0.01, 0), 2.9012859513036404)
((1, 37, 0.0001, 0), 3.013388034087418)
((1, 38, 1e-10, 0), 2.8307371509550943)
((1, 38, 1e-15, 0), 9292.813399471064)
((1, 38, 1e-14, 0), 9292.813399471064)
((1, 38, 1e-12, 0), 190400.2175993284)
((1, 38, 1e-13, 0), 28142804.58493616)
((1, 38, 1e-06, 0), 2.8195342305842965)
((1, 38, 1e-11, 0), 4.78785305077006)
((1, 38, 1e-07, 0), 2.81954246465856)
((1, 38, 1e-08, 0), 2.81954038438362)
((1, 38, 1e-09, 0), 2.819477422609281)
((1, 38, 1e-05, 0), 2.819462975102841)
((1, 38, 0.001, 0), 2.811705241253665)
((1, 38, 0.01, 0), 2.747240699555706)
((1, 38, 0.0001, 0), 2.818751683102735)
((1, 39, 1e-15, 0), 11229.339363163928)
((1, 38, 0.1, 0), 2.400134913935803)
((1, 39, 1e-14, 0), 11229.339363163928)
((1, 39, 1e-12, 0), 3659.354064964226)
((1, 39, 1e-11, 0), 4.357158789267478)
((1, 39, 1e-13, 0), 24736.448959848327)
((1, 39, 1e-10, 0), 2.6843873449819244)
((1, 39, 1e-08, 0), 2.6748767935111943)
((1, 39, 1e-09, 0), 2.675020455798941)
((1, 39, 1e-07, 0), 2.674891864019747)
((1, 39, 1e-06, 0), 2.674888589167125)
((1, 39, 1e-05, 0), 2.6748427044730927)
((1, 39, 0.001, 0), 2.6698056612633807)
((1, 39, 0.01, 0), 2.6273893833576545)
((1, 39, 0.0001, 0), 2.67438144152215)
((1, 39, 0.1, 0), 2.3734830222011483)
((1, 40, 1e-15, 0), 1603887.9813805332)
((1, 40, 1e-14, 0), 1603887.9813805332)
((1, 40, 1e-12, 0), 28446.920980815747)
((1, 40, 1e-13, 0), 3668.2768892544746)
((1, 40, 1e-06, 0), 2.5814791765636733)
((1, 40, 1e-07, 0), 2.581480401613106)
((1, 40, 1e-08, 0), 2.581475142046367)
((1, 40, 1e-09, 0), 2.5815395632834686)
((1, 40, 1e-10, 0), 2.5941529600287736)
((1, 40, 1e-05, 0), 2.581445958693803)
((1, 40, 1e-11, 0), 4.256354481104256)
((1, 40, 0.01, 0), 2.547107001284358)
((1, 40, 0.0001, 0), 2.581112803703656)
((1, 40, 0.001, 0), 2.5778076320199768)
((1, 40, 0.1, 0), 2.352577671833279)
((1, 41, 1e-15, 0), 8578.340839655026)
((1, 41, 1e-14, 0), 8578.340839655026)
((1, 41, 1e-11, 0), 4.482952129020107)
((1, 41, 1e-13, 0), 37862.69742468231)
((1, 41, 1e-12, 0), 50171.550755967575)
((1, 41, 1e-08, 0), 2.5191377625839957)
((1, 41, 1e-10, 0), 2.5341154342228975)
((1, 41, 1e-09, 0), 2.519289518762536)
((1, 41, 1e-06, 0), 2.5191439954890478)
((1, 41, 1e-07, 0), 2.519146311910215)
((1, 41, 1e-05, 0), 2.519119210533211)
((1, 41, 0.0001, 0), 2.5188690671829033)
((1, 41, 0.01, 0), 2.493433955225526)
((1, 41, 0.001, 0), 2.5163891739228603)
((1, 41, 0.1, 0), 2.3421559677561503)
((1, 42, 1e-13, 0), 32511.25395543301)
((1, 42, 1e-15, 0), 13226.549918870147)
((1, 42, 1e-14, 0), 13226.549918870147)
((1, 42, 1e-12, 0), 2137969.657618561)
((1, 42, 1e-07, 0), 2.483632922745261)
((1, 42, 1e-10, 0), 2.4943002337641773)
((1, 42, 1e-11, 0), 4.430002691045655)
((1, 42, 1e-06, 0), 2.4836315062856835)
((1, 42, 1e-08, 0), 2.483597778852358)
((1, 42, 1e-09, 0), 2.483356522229426)
((1, 42, 1e-05, 0), 2.4836113301614455)
((1, 42, 0.0001, 0), 2.4834055920553113)
((1, 42, 0.001, 0), 2.4813683113968965)
((1, 43, 1e-15, 0), 7068.41565405933)
((1, 42, 0.01, 0), 2.4626599766211754)
((1, 43, 1e-14, 0), 7068.41565405933)
((1, 42, 0.1, 0), 2.337570920585203)
((1, 43, 1e-13, 0), 432704.29602133355)
((1, 43, 1e-12, 0), 42871.23684161449)
((1, 43, 1e-11, 0), 4.072082772741162)
((1, 43, 1e-09, 0), 2.469521535884872)
((1, 43, 1e-10, 0), 2.4771601684668645)
((1, 43, 1e-06, 0), 2.469909009440431)
((1, 43, 1e-05, 0), 2.469891123767346)
((1, 43, 0.01, 0), 2.451640111452689)
((1, 43, 0.0001, 0), 2.469710307584211)
((1, 43, 1e-07, 0), 2.469908840702397)
((1, 43, 1e-08, 0), 2.4698627779849494)
((1, 43, 0.001, 0), 2.4679213470883)
((1, 43, 0.1, 0), 2.342295672715816)
((1, 44, 1e-13, 0), 36314.70623219114)
((1, 44, 1e-14, 0), 15904.599335550243)
((1, 44, 1e-15, 0), 15904.599335550243)
((1, 44, 1e-12, 0), 5196.156770507756)
((1, 44, 1e-11, 0), 4.60267316388525)
((1, 44, 1e-10, 0), 2.4872961842097228)
((1, 44, 1e-08, 0), 2.4728064253531867)
((1, 44, 1e-09, 0), 2.4732012969055965)
((1, 44, 1e-07, 0), 2.4727797282839)
((1, 44, 1e-06, 0), 2.472773497262329)
((1, 44, 0.0001, 0), 2.472587621023739)
((1, 44, 1e-05, 0), 2.472756496827702)
((1, 44, 0.01, 0), 2.4558317446672477)
((1, 44, 0.001, 0), 2.470919113888541)
((1, 45, 1e-14, 0), 5792.240103302378)
((1, 44, 0.1, 0), 2.354207414573314)
((1, 45, 1e-13, 0), 24648.44538237517)
((1, 45, 1e-12, 0), 5942.229530215933)
((1, 45, 1e-15, 0), 5792.240103302378)
((1, 45, 1e-11, 0), 4.476549848296693)
((1, 45, 1e-10, 0), 2.4953909484565697)
((1, 45, 1e-09, 0), 2.482238671231637)
((1, 45, 1e-08, 0), 2.4820245436747386)
((1, 45, 1e-05, 0), 2.4820182817590704)
((1, 45, 1e-06, 0), 2.48203449743031)
((1, 45, 0.0001, 0), 2.481852632754112)
((1, 45, 0.1, 0), 2.3674770983111615)
((1, 45, 1e-07, 0), 2.4820315279322456)
((1, 45, 0.01, 0), 2.465544064566514)
((1, 45, 0.001, 0), 2.4802175719251642)
((1, 46, 1e-15, 0), 344804.10583809286)
((1, 46, 1e-12, 0), 40849.33109434021)
((1, 46, 1e-13, 0), 145921.29983497644)
((1, 46, 1e-14, 0), 344804.10583809286)
((1, 46, 1e-10, 0), 2.5287428357940636)
((1, 46, 1e-06, 0), 2.5158548281928907)
((1, 46, 1e-11, 0), 4.574833997046757)
((1, 46, 1e-09, 0), 2.5159422240985947)
((1, 46, 1e-08, 0), 2.5158767923854652)
((1, 46, 1e-07, 0), 2.5158546249608054)
((1, 46, 0.0001, 0), 2.51566615354675)
((1, 46, 1e-05, 0), 2.5158377811242185)
((1, 47, 1e-13, 0), 9702.793998468158)
((1, 46, 0.1, 0), 2.397210622518517)
((1, 46, 0.001, 0), 2.513972380317694)
((1, 47, 1e-11, 0), 4.53414367457714)
((1, 47, 1e-12, 0), 7250.4883457535325)
((1, 47, 1e-15, 0), 2639272.9437152343)
((1, 47, 1e-14, 0), 2639272.9437152343)
((1, 46, 0.01, 0), 2.4988052280976203)
((1, 47, 1e-08, 0), 2.555086917270132)
((1, 47, 1e-10, 0), 2.5672547178535376)
((1, 47, 1e-09, 0), 2.5552075442992725)
((1, 47, 1e-07, 0), 2.5551204400411556)
((1, 47, 1e-06, 0), 2.555121061162885)
((1, 47, 1e-05, 0), 2.5551030206158076)
((1, 47, 0.0001, 0), 2.5549216295420685)
((1, 47, 0.001, 0), 2.5531317824867132)
((1, 47, 0.1, 0), 2.4291861953289247)
((1, 47, 0.01, 0), 2.537105547158674)
((1, 48, 1e-15, 0), 263037.67712686455)
((1, 48, 1e-14, 0), 263037.67712686455)
((1, 48, 1e-12, 0), 178249.12881195993)
((1, 48, 1e-13, 0), 2972.2373543814924)
((1, 48, 1e-11, 0), 4.671400175104713)
((1, 48, 1e-10, 0), 2.6189842676541373)
((1, 48, 1e-06, 0), 2.6041505782762746)
((1, 48, 1e-07, 0), 2.6041566778006713)
((1, 48, 1e-08, 0), 2.6041524815374135)
((1, 48, 1e-09, 0), 2.604599203612105)
((1, 48, 0.1, 0), 2.468551552954068)
((1, 48, 1e-05, 0), 2.6041310038104557)
((1, 48, 0.001, 0), 2.6020158927687773)
((1, 48, 0.0001, 0), 2.603936204372312)
((1, 48, 0.01, 0), 2.584867881015658)
((1, 49, 1e-15, 0), 27211.534772419323)
((1, 49, 1e-13, 0), 15617.596995107564)
((1, 49, 1e-14, 0), 27211.534772419323)
((1, 49, 1e-12, 0), 8461.374971963218)
((1, 49, 1e-11, 0), 4.935512810325099)
((1, 49, 1e-10, 0), 2.677956602188309)
((1, 49, 1e-09, 0), 2.662832694030241)
((1, 49, 1e-08, 0), 2.6629691748771904)
((1, 49, 1e-07, 0), 2.663026474411278)
((1, 49, 1e-05, 0), 2.663002860692134)
((1, 49, 0.0001, 0), 2.6627801807887366)
((1, 49, 0.001, 0), 2.6605880127521675)
((1, 49, 1e-06, 0), 2.6630248945187156)
((1, 49, 0.01, 0), 2.6412422077171436)
((1, 49, 0.1, 0), 2.5124682288571054)
((1, 50, 1e-15, 0), 5950.267882864666)
((1, 50, 1e-14, 0), 5950.267882864666)
((1, 50, 1e-13, 0), 41421.3070827256)
((1, 50, 1e-12, 0), 189744.8864285781)
((1, 50, 1e-10, 0), 2.742548626956367)
((1, 50, 1e-11, 0), 5.266827165953551)
((1, 50, 1e-09, 0), 2.731514029427512)
((1, 50, 1e-08, 0), 2.731760306207544)
((1, 50, 1e-07, 0), 2.7317892543142444)
((1, 50, 1e-06, 0), 2.7317910915988395)
((1, 50, 0.0001, 0), 2.7315024926149234)
((1, 50, 1e-05, 0), 2.731764802429552)
((1, 50, 0.001, 0), 2.728925862377248)
((1, 51, 1e-15, 0), 6403718.652352566)
((1, 51, 1e-14, 0), 6403718.652352566)
((1, 50, 0.01, 0), 2.7065020475602153)
((1, 51, 1e-13, 0), 21931.654198358014)
((1, 51, 1e-12, 0), 7206.063127316833)
((1, 50, 0.1, 0), 2.560966932917901)
((1, 51, 1e-11, 0), 5.062276209699769)
((1, 51, 1e-10, 0), 2.845610390996677)
((1, 51, 1e-09, 0), 2.8283007601425383)
((1, 51, 1e-08, 0), 2.8282656806917865)
((1, 51, 1e-07, 0), 2.8282503567325876)
((1, 51, 1e-05, 0), 2.828216506484398)
((1, 51, 1e-06, 0), 2.8282481891756195)
((1, 51, 0.001, 0), 2.824788726912531)
((1, 51, 0.0001, 0), 2.827899343273885)
((1, 51, 0.01, 0), 2.7979574648095524)
((1, 51, 0.1, 0), 2.62648853336026)
((1, 52, 1e-15, 0), 57515.745779688215)
((1, 52, 1e-12, 0), 220851.59077695705)
((1, 52, 1e-14, 0), 57515.745779688215)
((1, 52, 1e-13, 0), 56957.38673901667)
((1, 52, 1e-11, 0), 5.490019027671548)
((1, 52, 1e-08, 0), 2.9747005649439036)
((1, 52, 1e-09, 0), 2.9746624861724613)
((1, 52, 1e-07, 0), 2.974709483461033)
((1, 52, 1e-05, 0), 2.974665848002214)
((1, 52, 1e-10, 0), 2.98556552202067)
((1, 52, 1e-06, 0), 2.9747079726773538)
((1, 52, 0.0001, 0), 2.974245725620146)
((1, 52, 0.01, 0), 2.934906960094061)
((1, 52, 0.001, 0), 2.9701319291030526)
((1, 52, 0.1, 0), 2.7147190087224233)
((1, 53, 1e-15, 0), 22383.61519613951)
((1, 53, 1e-13, 0), 11877.212781104661)
((1, 53, 1e-14, 0), 22383.61519613951)
((1, 53, 1e-12, 0), 10078.149452393482)
((1, 53, 1e-11, 0), 5.602046267362786)
((1, 53, 1e-10, 0), 3.1662842591448435)
((1, 53, 1e-08, 0), 3.1505909183938585)
((1, 53, 1e-09, 0), 3.1503946802084912)
((1, 53, 1e-06, 0), 3.1505824590602782)
((1, 53, 1e-05, 0), 3.1505242480533155)
((1, 53, 1e-07, 0), 3.1505947645661725)
((1, 53, 0.1, 0), 2.816058653484944)
((1, 53, 0.001, 0), 3.144295106958966)
((1, 53, 0.0001, 0), 3.149944795001461)
((1, 54, 1e-14, 0), 722618.231794837)
((1, 54, 1e-15, 0), 722618.231794837)
((1, 53, 0.01, 0), 3.0971111530114257)
((1, 54, 1e-13, 0), 99247.42758739911)
((1, 54, 1e-11, 0), 5.8970959449959555)
((1, 54, 1e-12, 0), 141688.77568341614)
((1, 54, 1e-10, 0), 3.338572372449319)
((1, 54, 1e-08, 0), 3.3225110226084285)
((1, 54, 1e-09, 0), 3.322625787049963)
((1, 54, 1e-07, 0), 3.3225255451162505)
((1, 54, 1e-06, 0), 3.3225200979893046)
((1, 54, 0.0001, 0), 3.321695296638805)
((1, 54, 1e-05, 0), 3.322445092421824)
((1, 54, 0.001, 0), 3.3144216090918803)
((1, 55, 1e-15, 0), 790189.6243923915)
((1, 54, 0.01, 0), 3.2551752272211787)
((1, 54, 0.1, 0), 2.910962912248212)
((1, 55, 1e-14, 0), 790189.6243923915)
((1, 55, 1e-13, 0), 2295264549.7168927)
((1, 55, 1e-12, 0), 104157.19388683175)
((1, 55, 1e-11, 0), 5.847966725817911)
((1, 55, 1e-09, 0), 3.532333039843801)
((1, 55, 1e-10, 0), 3.5450086233337332)
((1, 55, 1e-08, 0), 3.5322445286888637)
((1, 55, 1e-07, 0), 3.532266483458043)
((1, 55, 1e-06, 0), 3.5322570261164508)
((1, 55, 1e-05, 0), 3.532147321729004)
((1, 55, 0.01, 0), 3.4382594923768)
((1, 55, 0.1, 0), 3.004280169655201)
((1, 55, 0.0001, 0), 3.531051599626327)
((1, 55, 0.001, 0), 3.5205039819549597)
((1, 56, 1e-15, 0), 304212.06857896165)
((1, 56, 1e-13, 0), 347743.22294830263)
((1, 56, 1e-14, 0), 304212.06857896165)
((1, 56, 1e-12, 0), 5282.269799244503)
((1, 56, 1e-11, 0), 6.352881828847143)
((1, 56, 1e-09, 0), 3.763499199708723)
((1, 56, 1e-10, 0), 3.781410539278022)
((1, 56, 1e-08, 0), 3.7633675350150098)
((1, 56, 1e-06, 0), 3.763305431789882)
((1, 56, 1e-07, 0), 3.7633159736200086)
((1, 56, 1e-05, 0), 3.7631430437131805)
((1, 56, 0.0001, 0), 3.7615271274669375)
((1, 56, 0.001, 0), 3.74613160192094)
((1, 56, 0.1, 0), 3.0926584764752754)
((1, 56, 0.01, 0), 3.6324499212636296)
((1, 57, 1e-15, 0), 41070.375042106505)
((1, 57, 1e-14, 0), 41070.375042106505)
((1, 57, 1e-11, 0), 6.77743800250214)
((1, 57, 1e-13, 0), 685013.4935494292)
((1, 57, 1e-12, 0), 15987.40943986453)
((1, 57, 1e-09, 0), 4.204758735708818)
((1, 57, 1e-10, 0), 4.215503413900749)
((1, 57, 1e-07, 0), 4.205248039020361)
((1, 57, 1e-06, 0), 4.2052204893863605)
((1, 57, 1e-08, 0), 4.205234145706415)
((1, 57, 1e-05, 0), 4.204909919369273)
((1, 57, 0.0001, 0), 4.201826869194443)
((1, 57, 0.01, 0), 3.9750064476655984)
((1, 57, 0.001, 0), 4.172886708678282)
((1, 57, 0.1, 0), 3.209351437648003)
((1, 58, 1e-14, 0), 323456.7279736711)
((1, 58, 1e-15, 0), 323456.7279736711)
((1, 58, 1e-12, 0), 14900.775213329794)
((1, 58, 1e-13, 0), 922611.9102921853)
((1, 58, 1e-10, 0), 4.92476856029187)
((1, 58, 1e-11, 0), 7.302887113085939)
((1, 58, 1e-09, 0), 4.910343603892148)
((1, 58, 1e-08, 0), 4.910474576832217)
((1, 58, 1e-07, 0), 4.910483828157256)
((1, 58, 1e-06, 0), 4.910428695446909)
((1, 58, 1e-05, 0), 4.909777402583005)
((1, 58, 0.0001, 0), 4.903325955934071)
((1, 59, 1e-15, 0), 13249.948247799583)
((1, 59, 1e-14, 0), 13249.948247799583)
((1, 58, 0.01, 0), 4.470988261114946)
((1, 58, 0.001, 0), 4.843933085848847)
((1, 58, 0.1, 0), 3.3325412037067075)
((1, 59, 1e-13, 0), 804239.846707316)
((1, 59, 1e-12, 0), 87394.86683746944)
((1, 59, 1e-11, 0), 8.411126111256134)
((1, 59, 1e-10, 0), 5.96212373236154)
((1, 59, 1e-09, 0), 5.939834867770604)
((1, 59, 1e-08, 0), 5.939398241972495)
((1, 59, 1e-07, 0), 5.939381751653311)
((1, 59, 1e-06, 0), 5.939240069059701)
((1, 59, 1e-05, 0), 5.937866784022548)
((1, 59, 0.0001, 0), 5.9242754200368015)
((1, 59, 0.001, 0), 5.801054181417635)
((1, 59, 0.01, 0), 5.081943942361667)
((1, 59, 0.1, 0), 3.4389861860226114)
((1, 60, 1e-14, 0), 19749.55925812445)
((1, 60, 1e-15, 0), 19749.55925812445)
((1, 60, 1e-13, 0), 62607.58750620768)
((1, 60, 1e-12, 0), 8175721.9069246175)
((1, 60, 1e-11, 0), 9.489424742701491)
((1, 60, 1e-10, 0), 6.917941817536376)
((1, 60, 1e-09, 0), 6.89931736123294)
((1, 60, 1e-07, 0), 6.900012391265579)
((1, 60, 1e-06, 0), 6.899761658706455)
((1, 60, 1e-08, 0), 6.89995999756748)
((1, 60, 0.1, 0), 3.5119118560887985)
((1, 60, 0.001, 0), 6.653835196777988)
((1, 60, 0.01, 0), 5.531596596566965)
((1, 60, 0.0001, 0), 6.872331405890039)
((1, 60, 1e-05, 0), 6.897235234312122)
((1, 61, 1e-15, 0), 82584.9042498726)
((1, 61, 1e-13, 0), 104101.91524277694)
((1, 61, 1e-12, 0), 188067.56522008218)
((1, 61, 1e-14, 0), 82584.9042498726)
((1, 61, 1e-11, 0), 11.921975054928177)
((1, 61, 1e-10, 0), 8.749112756869474)
((1, 61, 1e-09, 0), 8.722130045632925)
((1, 61, 1e-08, 0), 8.720056380948133)
((1, 61, 1e-07, 0), 8.719957878574201)
((1, 61, 1e-05, 0), 8.711191561745538)
((1, 61, 0.0001, 0), 8.63471947887128)
((1, 61, 1e-06, 0), 8.719151946989241)
((1, 61, 0.001, 0), 8.0723750368962)
((1, 61, 0.01, 0), 6.092252349292648)
((1, 61, 0.1, 0), 3.5709899599805026)
((1, 62, 1e-15, 0), 115713.59992888702)
((1, 62, 1e-12, 0), 18702.798405250393)
((1, 62, 1e-13, 0), 26853.598465211504)
((1, 62, 1e-14, 0), 115713.59992888702)
((1, 62, 1e-11, 0), 25.77566220108893)
((1, 62, 1e-07, 0), 22.963642263035382)
((1, 62, 1e-08, 0), 22.966948921953772)
((1, 62, 1e-10, 0), 22.957965920575784)
((1, 62, 1e-09, 0), 22.968663944164255)
((1, 62, 1e-06, 0), 22.929784948015374)
((1, 62, 1e-05, 0), 22.60003143693224)
((1, 62, 0.0001, 0), 20.01633577613102)
((1, 62, 0.001, 0), 12.89328126148753)
((1, 62, 0.01, 0), 6.937818434774397)
((1, 62, 0.1, 0), 3.6270327464271013)
((1, 63, 1e-15, 0), 34082.02195567997)
((1, 63, 1e-13, 0), 72735.96981208604)
((1, 63, 1e-14, 0), 34082.02195567997)
((1, 63, 1e-11, 0), 45.21312131875558)
((1, 63, 1e-12, 0), 13430.326186186168)
((1, 63, 1e-10, 0), 42.588916353349035)
((1, 63, 1e-09, 0), 42.566919721116605)
((1, 63, 1e-07, 0), 42.55000180417978)
((1, 63, 1e-08, 0), 42.56531004290669)
((1, 63, 1e-05, 0), 40.95611747717572)
((1, 63, 1e-06, 0), 42.39777050883869)
((1, 63, 0.0001, 0), 31.642272366977416)
((1, 63, 0.1, 0), 3.6500668258576043)
((1, 63, 0.001, 0), 15.707057810792696)
((1, 63, 0.01, 0), 7.358199136566837)
((1, 64, 1e-14, 0), 8249.603913916339)
((1, 64, 1e-15, 0), 8249.603913916339)
((1, 64, 1e-13, 0), 503979.9910763538)
((1, 64, 1e-11, 0), 15.146835242161462)
((1, 64, 1e-10, 0), 12.103209475740668)
((1, 64, 1e-12, 0), 3565.7488123391995)
((1, 64, 1e-08, 0), 12.08192763296491)
((1, 64, 1e-09, 0), 12.081716277423556)
((1, 64, 1e-07, 0), 12.081800991472068)
((1, 64, 1e-06, 0), 12.080508210331221)
((1, 64, 0.0001, 0), 11.940749329292501)
((1, 64, 1e-05, 0), 12.067579016581158)
((1, 64, 0.01, 0), 6.983538111202938)
((1, 64, 0.001, 0), 10.876813051336311)
((1, 64, 0.1, 0), 3.633859414543808)
((1, 65, 1e-15, 0), 1177864.5270138565)
((1, 65, 1e-13, 0), 1018930.5506346452)
((1, 65, 1e-14, 0), 1177864.5270138565)
((1, 65, 1e-11, 0), 11.6710852878393)
((1, 65, 1e-12, 0), 435570.8615661783)
((1, 65, 1e-09, 0), 8.351071420937206)
((1, 65, 1e-10, 0), 8.36467667139835)
((1, 65, 1e-07, 0), 8.351580827716685)
((1, 65, 1e-08, 0), 8.351546544931983)
((1, 65, 1e-05, 0), 8.347687694344634)
((1, 65, 1e-06, 0), 8.351228918236313)
((1, 65, 0.001, 0), 7.990258500073668)
((1, 65, 0.0001, 0), 8.3125859460046)
((1, 65, 0.1, 0), 3.6140593628854063)
((1, 65, 0.01, 0), 6.217279531716072)
((1, 66, 1e-15, 0), 10655.966519038422)
((1, 66, 1e-14, 0), 10655.966519038422)
((1, 66, 1e-13, 0), 16079.24041125431)
((1, 66, 1e-12, 0), 13620.763160709384)
((1, 66, 1e-11, 0), 2758.4421490849445)
((1, 66, 1e-10, 0), 6.355492889793388)
((1, 66, 1e-09, 0), 6.323779231884046)
((1, 66, 1e-07, 0), 6.323050415747077)
((1, 66, 1e-08, 0), 6.323134486496848)
((1, 66, 1e-06, 0), 6.322931846567545)
((1, 66, 1e-05, 0), 6.3218045255699415)
((1, 66, 0.0001, 0), 6.310580062650671)
((1, 66, 0.001, 0), 6.202713170610548)
((1, 66, 0.01, 0), 5.426537228801752)
((1, 66, 0.1, 0), 3.5649620901096357)
((1, 67, 1e-15, 0), 8565.277365240254)
((1, 67, 1e-14, 0), 8565.277365240254)
((1, 67, 1e-13, 0), 3485684.591887637)
((1, 67, 1e-12, 0), 12927.230992126797)
((1, 67, 1e-09, 0), 5.353612793968489)
((1, 67, 1e-11, 0), 1872.9975891063891)
((1, 67, 1e-06, 0), 5.353186956490712)
((1, 67, 1e-08, 0), 5.3532510559325575)
((1, 67, 1e-10, 0), 5.3739225016964065)
((1, 67, 1e-05, 0), 5.352654264445738)
((1, 67, 1e-07, 0), 5.35323308574995)
((1, 67, 0.01, 0), 4.87752450535629)
((1, 67, 0.001, 0), 5.295495169020757)
((1, 67, 0.0001, 0), 5.347341365614807)
((1, 67, 0.1, 0), 3.510510575586898)
((1, 68, 1e-13, 0), 7099.088395149146)
((1, 68, 1e-15, 0), 8845391.194278164)
((1, 68, 1e-14, 0), 8845391.194278164)
((1, 68, 1e-12, 0), 8833.083296748548)
((1, 68, 1e-11, 0), 3918.6131216582157)
((1, 68, 1e-08, 0), 4.753114396600426)
((1, 68, 1e-09, 0), 4.752713914175734)
((1, 68, 1e-10, 0), 4.77602795725384)
((1, 68, 1e-07, 0), 4.753128830011729)
((1, 68, 1e-05, 0), 4.752795709473865)
((1, 68, 1e-06, 0), 4.753101588534133)
((1, 68, 0.0001, 0), 4.749736574867377)
((1, 68, 0.001, 0), 4.719704082248809)
((1, 68, 0.01, 0), 4.464831149311146)
((1, 68, 0.1, 0), 3.4446988765706537)
((1, 69, 1e-15, 0), 12373.444434336581)
((1, 69, 1e-14, 0), 12373.444434336581)
((1, 69, 1e-13, 0), 22506.536079892834)
((1, 69, 1e-12, 0), 3494.1221951493994)
((1, 69, 1e-11, 0), 1373.413763246796)
((1, 69, 1e-10, 0), 4.4084704408712945)
((1, 69, 1e-08, 0), 4.389364952698746)
((1, 69, 1e-09, 0), 4.38924532844228)
((1, 69, 1e-06, 0), 4.3893640043655795)
((1, 69, 1e-05, 0), 4.389163072332904)
((1, 69, 1e-07, 0), 4.389383797078457)
((1, 69, 0.001, 0), 4.367381254853684)
((1, 69, 0.0001, 0), 4.387155220408212)
((1, 69, 0.1, 0), 3.3920456360917215)
((1, 69, 0.01, 0), 4.194394480418796)
((1, 70, 1e-15, 0), 15426.639623954386)
((1, 70, 1e-11, 0), 8039.534330953679)
((1, 70, 1e-14, 0), 15426.639623954386)
((1, 70, 1e-12, 0), 35855.07897899505)
((1, 70, 1e-13, 0), 137007.49543126396)
((1, 70, 1e-06, 0), 4.117688413882327)
((1, 70, 1e-10, 0), 4.137960656475107)
((1, 70, 1e-09, 0), 4.118105071083964)
((1, 70, 1e-08, 0), 4.117704135416018)
((1, 70, 0.0001, 0), 4.116142907835381)
((1, 70, 1e-07, 0), 4.117700216047888)
((1, 70, 0.001, 0), 4.1022999844459935)
((1, 70, 1e-05, 0), 4.117547972490511)
((1, 70, 0.01, 0), 3.9799699274669336)
((1, 70, 0.1, 0), 3.34923811079184)
((1, 71, 1e-15, 0), 12949661.966393825)
((1, 71, 1e-14, 0), 12949661.966393825)
((1, 71, 1e-13, 0), 10922.480246409063)
((1, 71, 1e-12, 0), 60694.52001661577)
((1, 71, 1e-11, 0), 3804.2160568283193)
((1, 71, 1e-08, 0), 3.9769445450760363)
((1, 71, 1e-10, 0), 4.011050682260416)
((1, 71, 1e-09, 0), 3.9782114290289017)
((1, 71, 1e-05, 0), 3.9767986641315467)
((1, 71, 1e-07, 0), 3.976933592576026)
((1, 71, 0.0001, 0), 3.975658282623546)
((1, 71, 1e-06, 0), 3.976913926995458)
((1, 71, 0.1, 0), 3.326887209448978)
((1, 71, 0.01, 0), 3.8655439843596824)
((1, 71, 0.001, 0), 3.964436597239577)
((1, 72, 1e-15, 0), 20533.22064784621)
((1, 72, 1e-14, 0), 20533.22064784621)
((1, 72, 1e-13, 0), 2788.554403896132)
((1, 72, 1e-12, 0), 696975.0848885872)
((1, 72, 1e-11, 0), 98423.66641621548)
((1, 72, 1e-08, 0), 3.851211023483972)
((1, 72, 1e-05, 0), 3.8511465760875447)
((1, 72, 1e-06, 0), 3.851241183468119)
((1, 72, 1e-10, 0), 3.8722971425918344)
((1, 72, 1e-09, 0), 3.8505065742243785)
((1, 72, 1e-07, 0), 3.851242756251616)
((1, 72, 0.001, 0), 3.840877828244267)
((1, 72, 0.0001, 0), 3.850196613371085)
((1, 73, 1e-15, 0), 129578.66073225418)
((1, 72, 0.01, 0), 3.7600439275519477)
((1, 72, 0.1, 0), 3.303414194388504)
((1, 73, 1e-14, 0), 129578.66073225418)
((1, 73, 1e-09, 0), 3.757480306386148)
((1, 73, 1e-10, 0), 3.7844560226916952)
((1, 73, 1e-13, 0), 190223.360457296)
((1, 73, 1e-11, 0), 2175.9692469073007)
((1, 73, 1e-12, 0), 17009.81967051309)
((1, 73, 1e-06, 0), 3.7579395664593642)
((1, 73, 1e-07, 0), 3.757942979185606)
((1, 73, 1e-08, 0), 3.7579189037868352)
((1, 73, 1e-05, 0), 3.757856606918282)
((1, 73, 0.0001, 0), 3.7570255183539842)
((1, 73, 0.001, 0), 3.7489079342263856)
((1, 73, 0.01, 0), 3.680130809679234)
((1, 73, 0.1, 0), 3.2831140613060192)
((1, 74, 1e-12, 0), 2085.113628277554)
((1, 74, 1e-15, 0), 7706.697509313171)
((1, 74, 1e-14, 0), 7706.697509313171)
((1, 74, 1e-13, 0), 8440.715335256195)
((1, 74, 1e-11, 0), 27614.869423635675)
((1, 74, 1e-10, 0), 3.72253000579546)
((1, 74, 1e-07, 0), 3.693658245496388)
((1, 74, 1e-08, 0), 3.6936199151666917)
((1, 74, 1e-09, 0), 3.6937632231790403)
((1, 74, 1e-06, 0), 3.6936559028510345)
((1, 74, 0.01, 0), 3.623451668601157)
((1, 74, 1e-05, 0), 3.6935779044937886)
((1, 74, 0.0001, 0), 3.692799584444792)
((1, 74, 0.001, 0), 3.6852444836150737)
((1, 74, 0.1, 0), 3.268835411191622)
((1, 75, 1e-13, 0), 5959.192731314168)
((1, 75, 1e-15, 0), 10919242.143709822)
((1, 75, 1e-12, 0), 52911.609507045316)
((1, 75, 1e-14, 0), 10919242.143709822)
((1, 75, 1e-11, 0), 6279.132565468705)
((1, 75, 1e-10, 0), 3.6639074635493296)
((1, 75, 1e-09, 0), 3.63205311743092)
((1, 75, 1e-08, 0), 3.630818380598189)
((1, 75, 1e-06, 0), 3.630776591861617)
((1, 75, 1e-07, 0), 3.630792260985097)
((1, 75, 1e-05, 0), 3.630700845207046)
((1, 75, 0.1, 0), 3.24805004442577)
((1, 75, 0.0001, 0), 3.62994839568029)
((1, 76, 1e-15, 0), 35922437.79061475)
((1, 75, 0.001, 0), 3.6227005321082237)
((1, 75, 0.01, 0), 3.5660164325489965)
((1, 76, 1e-14, 0), 35922437.79061475)
((1, 76, 1e-13, 0), 26297.08280675892)
((1, 76, 1e-08, 0), 3.582661004941099)
((1, 76, 1e-07, 0), 3.5826341912854907)
((1, 76, 1e-09, 0), 3.5828302685927325)
((1, 76, 1e-12, 0), 97280.89575621017)
((1, 76, 1e-11, 0), 1140.0932034783866)
((1, 76, 1e-10, 0), 3.6099784184888626)
((1, 76, 1e-06, 0), 3.582626431302189)
((1, 76, 1e-05, 0), 3.5825506698489775)
((1, 76, 0.0001, 0), 3.5817972361367736)
((1, 76, 0.001, 0), 3.574600545085796)
((1, 76, 0.01, 0), 3.521058953849215)
((1, 76, 0.1, 0), 3.2317446619920815)
((1, 77, 1e-15, 0), 36061.75542856798)
((1, 77, 1e-14, 0), 36061.75542856798)
((1, 77, 1e-13, 0), 889850.0486547807)
((1, 77, 1e-11, 0), 1083.7954363468425)
((1, 77, 1e-12, 0), 429258.20016744843)
((1, 77, 1e-10, 0), 3.58485733520705)
((1, 77, 1e-09, 0), 3.56451242316398)
((1, 77, 1e-08, 0), 3.5644167030175646)
((1, 77, 0.0001, 0), 3.5635520047488876)
((1, 77, 1e-06, 0), 3.564412358188516)
((1, 77, 0.001, 0), 3.5561436899576955)
((1, 77, 1e-05, 0), 3.564333866276846)
((1, 77, 1e-07, 0), 3.5644206759196067)
((1, 77, 0.01, 0), 3.5033959897677156)
((1, 77, 0.1, 0), 3.2269463851740006)
((1, 78, 1e-15, 0), 23950.406572470143)
((1, 78, 1e-13, 0), 28633.814050684177)
((1, 78, 1e-14, 0), 23950.406572470143)
((1, 78, 1e-12, 0), 12719.473209436042)
((1, 78, 1e-11, 0), 782.277478848941)
((1, 78, 1e-10, 0), 3.5801853603304594)
((1, 78, 1e-09, 0), 3.5514042292623893)
((1, 78, 1e-08, 0), 3.5511838706530243)
((1, 78, 1e-07, 0), 3.55119957702732)
((1, 78, 1e-06, 0), 3.5511907102719094)
((1, 78, 0.0001, 0), 3.55028643575998)
((1, 78, 1e-05, 0), 3.55110815968355)
((1, 78, 0.001, 0), 3.542572792935462)
((1, 78, 0.01, 0), 3.49026675905397)
((1, 78, 0.1, 0), 3.224930658839643)
((1, 79, 1e-14, 0), 26961.021404911484)
((1, 79, 1e-15, 0), 26961.021404911484)
((1, 79, 1e-13, 0), 4714.710358779344)
((1, 79, 1e-12, 0), 12110.715273037622)
((1, 79, 1e-09, 0), 3.5434110990082544)
((1, 79, 1e-11, 0), 7326.974373552746)
((1, 79, 1e-07, 0), 3.5424093155859318)
((1, 79, 1e-08, 0), 3.542518104510293)
((1, 79, 1e-10, 0), 3.5725747815478273)
((1, 79, 1e-06, 0), 3.5424009129178287)
((1, 79, 1e-05, 0), 3.5423143031596225)
((1, 79, 0.0001, 0), 3.5414547887924064)
((1, 79, 0.1, 0), 3.226111802346)
((1, 79, 0.001, 0), 3.533463063225973)
((1, 79, 0.01, 0), 3.4817373563001675)
((1, 80, 1e-15, 0), 9157.272195752927)
((1, 80, 1e-14, 0), 9157.272195752927)
((1, 80, 1e-13, 0), 1774.9358702391285)
((1, 80, 1e-12, 0), 46278.1730404848)
((1, 80, 1e-11, 0), 2421538.3639255315)
((1, 80, 1e-10, 0), 3.597635560784229)
((1, 80, 1e-09, 0), 3.5548018461180084)
((1, 80, 1e-08, 0), 3.553933887869153)
((1, 80, 1e-07, 0), 3.5538816742505395)
((1, 80, 1e-06, 0), 3.5538668510277347)
((1, 81, 1e-15, 0), 102456.87515864958)
((1, 81, 1e-11, 0), 824.4799683703137)
((1, 81, 1e-12, 0), 219052.36116060294)
((1, 80, 0.001, 0), 3.5445429023953787)
((1, 81, 1e-13, 0), 7052.326092321734)
((1, 81, 1e-14, 0), 102456.87515864958)
((1, 80, 0.0001, 0), 3.5528733011689986)
((1, 80, 0.01, 0), 3.4919572676898354)
((1, 80, 1e-05, 0), 3.5537750511467734)
((1, 80, 0.1, 0), 3.2343831600459296)
((1, 81, 1e-10, 0), 3.617176835793157)
((1, 81, 1e-09, 0), 3.590135322095416)
((1, 81, 1e-08, 0), 3.5901975262273007)
((1, 81, 1e-07, 0), 3.590235114980363)
((1, 81, 1e-05, 0), 3.5901332842916935)
((1, 81, 1e-06, 0), 3.590233138970471)
((1, 81, 0.001, 0), 3.5799592550359747)
((1, 81, 0.0001, 0), 3.5891340424352207)
((1, 81, 0.01, 0), 3.5233664734504844)
((1, 81, 0.1, 0), 3.2522841354907746)
((1, 82, 1e-15, 0), 14370.988934207047)
((1, 82, 1e-13, 0), 17816.85610913534)
((1, 82, 1e-14, 0), 14370.988934207047)
((1, 82, 1e-12, 0), 12597.356169060731)
((1, 82, 1e-11, 0), 43016.56993338589)
((1, 82, 1e-10, 0), 3.6768417988620157)
((1, 82, 1e-09, 0), 3.6503319123250852)
((1, 82, 1e-08, 0), 3.650456154675644)
((1, 82, 1e-05, 0), 3.6504043215536135)
((1, 82, 1e-06, 0), 3.6505215779080977)
((1, 82, 0.0001, 0), 3.649237340742397)
((1, 82, 0.001, 0), 3.638604564644118)
((1, 82, 1e-07, 0), 3.6505324402935515)
((1, 82, 0.1, 0), 3.2803135101344174)
((1, 82, 0.01, 0), 3.5749411755771945)
((1, 83, 1e-15, 0), 82936.12015377809)
((1, 83, 1e-13, 0), 11707.465628692476)
((1, 83, 1e-14, 0), 82936.12015377809)
((1, 83, 1e-12, 0), 3279212.419455538)
((1, 83, 1e-11, 0), 1983.7604737740926)
((1, 83, 1e-10, 0), 3.7692392960291925)
((1, 83, 1e-08, 0), 3.7220979519545407)
((1, 83, 1e-09, 0), 3.7224096108964373)
((1, 83, 1e-05, 0), 3.7218817620416074)
((1, 83, 1e-07, 0), 3.7220491909351283)
((1, 83, 0.0001, 0), 3.7204420436399017)
((1, 83, 1e-06, 0), 3.722027630274508)
((1, 83, 0.01, 0), 3.633326594510863)
((1, 83, 0.001, 0), 3.7074738580787936)
((1, 83, 0.1, 0), 3.308175149081621)
((1, 84, 1e-15, 0), 517067.6327109075)
((1, 84, 1e-14, 0), 517067.6327109075)
((1, 84, 1e-13, 0), 47773.8641710322)
((1, 84, 1e-12, 0), 85628.27695660024)
((1, 84, 1e-08, 0), 3.8545961239619553)
((1, 84, 1e-11, 0), 39026.70768049377)
((1, 84, 1e-10, 0), 3.8820043989231507)
((1, 84, 1e-05, 0), 3.854409075008051)
((1, 84, 1e-07, 0), 3.854609469109076)
((1, 84, 1e-09, 0), 3.8545867717698514)
((1, 84, 1e-06, 0), 3.854592974573099)
((1, 84, 0.0001, 0), 3.8525905156398155)
((1, 84, 0.01, 0), 3.7454076615383656)
((1, 84, 0.001, 0), 3.836374999287263)
((1, 84, 0.1, 0), 3.354625089434664)
((1, 85, 1e-15, 0), 17851.713503645293)
((1, 85, 1e-14, 0), 17851.713503645293)
((1, 85, 1e-13, 0), 14127.34577516707)
((1, 85, 1e-12, 0), 8448.910350932612)
((1, 85, 1e-10, 0), 4.057162178963612)
((1, 85, 1e-11, 0), 808.1562760040533)
((1, 85, 1e-09, 0), 4.033072168486548)
((1, 85, 1e-06, 0), 4.033522612831713)
((1, 85, 1e-08, 0), 4.0334222083112925)
((1, 85, 1e-07, 0), 4.033532868558284)
((1, 85, 1e-05, 0), 4.033271038152955)
((1, 85, 0.0001, 0), 4.030782445583989)
((1, 85, 0.1, 0), 3.4105862874966286)
((1, 85, 0.01, 0), 3.8901813106192735)
((1, 85, 0.001, 0), 4.0088805535739915)
((1, 86, 1e-15, 0), 6416.57419280094)
((1, 86, 1e-14, 0), 6416.57419280094)
((1, 86, 1e-12, 0), 15667.604029150098)
((1, 86, 1e-11, 0), 297.4225400903997)
((1, 86, 1e-13, 0), 2973.2752556945684)
((1, 86, 1e-10, 0), 4.264349058140955)
((1, 86, 1e-09, 0), 4.232807778074204)
((1, 86, 1e-05, 0), 4.233138519494719)
((1, 86, 1e-08, 0), 4.23342506541068)
((1, 86, 1e-06, 0), 4.233495254421934)
((1, 86, 1e-07, 0), 4.233530499618512)
((1, 87, 1e-13, 0), 83878.80456085401)
((1, 86, 0.01, 0), 4.04386425490547)
((1, 86, 0.0001, 0), 4.229625522643181)
((1, 87, 1e-15, 0), 5028.879134155259)
((1, 86, 0.001, 0), 4.199285619787732)
((1, 87, 1e-14, 0), 5028.879134155259)
((1, 86, 0.1, 0), 3.4639130061755123)
((1, 87, 1e-12, 0), 938387.2994517013)
((1, 87, 1e-11, 0), 315.0525112385338)
((1, 87, 1e-10, 0), 4.493031901171895)
((1, 87, 1e-09, 0), 4.463247676413571)
((1, 87, 1e-07, 0), 4.463459806304417)
((1, 87, 1e-08, 0), 4.463427154156447)
((1, 87, 1e-06, 0), 4.46341659756861)
((1, 87, 0.001, 0), 4.417943193493565)
((1, 87, 0.01, 0), 4.216006190335742)
((1, 87, 0.0001, 0), 4.458194384067482)
((1, 87, 1e-05, 0), 4.4629347018028)
((1, 87, 0.1, 0), 3.5117946519779553)
((1, 88, 1e-15, 0), 2334.868524224751)
((1, 88, 1e-14, 0), 2334.868524224751)
((1, 88, 1e-10, 0), 4.902871942737022)
((1, 88, 1e-12, 0), 174032.89245068666)
((1, 88, 1e-13, 0), 6523.326949557633)
((1, 88, 1e-11, 0), 633925.0277217529)
((1, 88, 1e-09, 0), 4.868465485263454)
((1, 88, 1e-08, 0), 4.867694995484233)
((1, 88, 1e-07, 0), 4.867750204665734)
((1, 88, 1e-05, 0), 4.866946550280064)
((1, 89, 1e-15, 0), 1551.2330007839005)
((1, 88, 0.001, 0), 4.800264529263032)
((1, 88, 1e-06, 0), 4.867670491800427)
((1, 89, 1e-11, 0), 2379.141140648901)
((1, 88, 0.0001, 0), 4.859848489693808)
((1, 88, 0.01, 0), 4.500977051884256)
((1, 88, 0.1, 0), 3.575128459097961)
((1, 89, 1e-13, 0), 418769.66886991897)
((1, 89, 1e-14, 0), 1551.2330007839005)
((1, 89, 1e-12, 0), 2648500.3585317885)
((1, 89, 1e-10, 0), 5.581725710958378)
((1, 89, 1e-09, 0), 5.540053874900307)
((1, 89, 1e-08, 0), 5.539447104123387)
((1, 89, 1e-07, 0), 5.539266498239362)
((1, 89, 1e-06, 0), 5.539129291193334)
((1, 89, 1e-05, 0), 5.537915926926313)
((1, 89, 0.0001, 0), 5.52606622627627)
((1, 89, 0.001, 0), 5.427469822259363)
((1, 89, 0.01, 0), 4.932958854217878)
((1, 89, 0.1, 0), 3.661294988349957)
((1, 90, 1e-12, 0), 14914.649193224157)
((1, 90, 1e-15, 0), 36167.67353693163)
((1, 90, 1e-13, 0), 93063.63384947003)
((1, 90, 1e-14, 0), 36167.67353693163)
((1, 90, 1e-11, 0), 525.8676688875896)
((1, 90, 1e-10, 0), 6.719319691994133)
((1, 90, 1e-09, 0), 6.655202394586517)
((1, 90, 1e-07, 0), 6.654657986627432)
((1, 90, 1e-08, 0), 6.6547994839262685)
((1, 90, 1e-05, 0), 6.652074898632795)
((1, 90, 1e-06, 0), 6.654402174233459)
((1, 90, 0.0001, 0), 6.629408430172224)
((1, 90, 0.001, 0), 6.445572010300479)
((1, 90, 0.01, 0), 5.562745626215802)
((1, 91, 1e-15, 0), 17911.2849867076)
((1, 90, 0.1, 0), 3.7645642595926723)
((1, 91, 1e-14, 0), 17911.2849867076)
((1, 91, 1e-13, 0), 5805.536189075099)
((1, 91, 1e-09, 0), 8.605994871500126)
((1, 91, 1e-12, 0), 14654.464172495014)
((1, 91, 1e-11, 0), 10358.875138870517)
((1, 91, 1e-10, 0), 8.656454621819725)
((1, 91, 1e-08, 0), 8.602994797600966)
((1, 91, 1e-05, 0), 8.596421723227147)
((1, 91, 1e-06, 0), 8.602368085967303)
((1, 91, 1e-07, 0), 8.602983282599393)
((1, 91, 0.0001, 0), 8.53896429241278)
((1, 91, 0.001, 0), 8.098107626235192)
((1, 91, 0.1, 0), 3.861971201101923)
((1, 91, 0.01, 0), 6.342927602706565)
((1, 92, 1e-15, 0), 2315.058641641453)
((1, 92, 1e-14, 0), 2315.058641641453)
((1, 92, 1e-12, 0), 4145.5326141617315)
((1, 92, 1e-09, 0), 11.125203590409047)
((1, 92, 1e-13, 0), 5306.9730946467735)
((1, 92, 1e-08, 0), 11.12576407924496)
((1, 92, 1e-11, 0), 585.464249661961)
((1, 92, 1e-10, 0), 11.147386973638348)
((1, 92, 1e-07, 0), 11.12570416155231)
((1, 92, 0.0001, 0), 10.909989995155811)
((1, 92, 1e-05, 0), 11.102742007437381)
((1, 92, 1e-06, 0), 11.12360648988199)
((1, 92, 0.001, 0), 9.787087122651979)
((1, 92, 0.01, 0), 6.886841282761424)
((1, 92, 0.1, 0), 3.9298447243059798)
((1, 93, 1e-15, 0), 8788.849252469972)
((1, 93, 1e-14, 0), 8788.849252469972)
((1, 93, 1e-13, 0), 5584.198963545233)
((1, 93, 1e-12, 0), 8096.801016354599)
((1, 93, 1e-08, 0), 20.929117963971187)
((1, 93, 1e-09, 0), 20.925638055916096)
((1, 93, 1e-07, 0), 20.927806807639843)
((1, 93, 1e-10, 0), 20.971265538666735)
((1, 93, 1e-11, 0), 823.8306018912035)
((1, 93, 0.0001, 0), 19.437199429684462)
((1, 93, 1e-05, 0), 20.760258950355112)
((1, 93, 1e-06, 0), 20.912354514359382)
((1, 93, 0.1, 0), 3.983956988954513)
((1, 93, 0.01, 0), 7.371550712948955)
((1, 93, 0.001, 0), 13.786939586722038)
((1, 94, 1e-11, 0), 8180.71946795747)
((1, 94, 1e-15, 0), 30409.773988584213)
((1, 94, 1e-13, 0), 5080.384192437198)
((1, 94, 1e-14, 0), 30409.773988584213)
((1, 94, 1e-10, 0), 148.05158537439203)
((1, 94, 1e-12, 0), 24814.77928383236)
((1, 94, 1e-09, 0), 148.01570196227908)
((1, 94, 1e-08, 0), 147.97436761162595)
((1, 94, 1e-05, 0), 117.42851826728932)
((1, 94, 1e-07, 0), 147.56591372370767)
((1, 94, 1e-06, 0), 143.6748942138568)
((1, 94, 0.0001, 0), 58.399578788871125)
((1, 94, 0.01, 0), 7.687279658258278)
((1, 95, 1e-15, 0), 9032.401147084875)
((1, 94, 0.1, 0), 4.0197639115881945)
((1, 94, 0.001, 0), 19.070496203085845)
((1, 95, 1e-14, 0), 9032.401147084875)
((1, 95, 1e-13, 0), 6100.079104416451)
((1, 95, 1e-09, 0), 24.744890387536973)
((1, 95, 1e-12, 0), 11643.246858873194)
((1, 95, 1e-11, 0), 767.7287248670513)
((1, 95, 1e-10, 0), 24.765513190725095)
((1, 95, 1e-05, 0), 24.580877065371418)
((1, 95, 1e-08, 0), 24.74457550590983)
((1, 95, 1e-06, 0), 24.728243035353547)
((1, 95, 1e-07, 0), 24.743117045830846)
((1, 95, 0.0001, 0), 23.23658996466076)
((1, 95, 0.01, 0), 7.6382959348277435)
((1, 95, 0.1, 0), 4.040008177725484)
((1, 95, 0.001, 0), 16.218897613693635)
((1, 96, 1e-15, 0), 3714.9874868687803)
((1, 96, 1e-14, 0), 3714.9874868687803)
((1, 96, 1e-13, 0), 624327.036950834)
((1, 96, 1e-11, 0), 10391.225176682661)
((1, 96, 1e-12, 0), 4217.883013569765)
((1, 96, 1e-09, 0), 11.830374491323163)
((1, 96, 1e-10, 0), 11.871550985622722)
((1, 96, 1e-08, 0), 11.828997797953534)
((1, 96, 1e-06, 0), 11.82754760883987)
((1, 96, 1e-05, 0), 11.815272912437907)
((1, 96, 1e-07, 0), 11.828783732562732)
((1, 96, 0.01, 0), 7.129934149975554)
((1, 96, 0.0001, 0), 11.69499556114766)
((1, 96, 0.001, 0), 10.69438172546791)
((1, 96, 0.1, 0), 4.030441587100542)
((1, 97, 1e-13, 0), 1936.3947247075193)
((1, 97, 1e-15, 0), 2459.065372578808)
((1, 97, 1e-14, 0), 2459.065372578808)
((1, 97, 1e-11, 0), 678.9583956896862)
((1, 97, 1e-12, 0), 15359.0547465303)
((1, 97, 1e-10, 0), 8.435894664182147)
((1, 97, 1e-07, 0), 8.404044373279648)
((1, 97, 1e-09, 0), 8.404093728418975)
((1, 97, 1e-08, 0), 8.404115920322791)
((1, 97, 1e-05, 0), 8.40079338860402)
((1, 97, 1e-06, 0), 8.403757687951181)
((1, 97, 0.001, 0), 8.09768758290946)
((1, 97, 0.0001, 0), 8.371371743673809)
((1, 98, 1e-15, 0), 10980.000082075128)
((1, 97, 0.01, 0), 6.499563610496305)
((1, 97, 0.1, 0), 4.024208424172491)
((1, 98, 1e-11, 0), 480.4480545751586)
((1, 98, 1e-14, 0), 10980.000082075128)
((1, 98, 1e-10, 0), 6.981452004733654)
((1, 98, 1e-13, 0), 8329.791530823795)
((1, 98, 1e-12, 0), 2811.181191584749)
((1, 98, 1e-09, 0), 6.950701752384629)
((1, 98, 0.0001, 0), 6.935351870765343)
((1, 98, 1e-08, 0), 6.950000054737098)
((1, 98, 0.001, 0), 6.809303838370869)
((1, 98, 1e-07, 0), 6.949987307232021)
((1, 98, 1e-06, 0), 6.94985158129369)
((1, 98, 0.01, 0), 5.933149566393462)
((1, 98, 0.1, 0), 3.999277644845055)
((1, 98, 1e-05, 0), 6.948528041262516)
((1, 99, 1e-15, 0), 4761.069774683625)
((1, 99, 1e-14, 0), 4761.069774683625)
((1, 99, 1e-12, 0), 7186.221572570037)
((1, 99, 1e-11, 0), 441.179024936377)
((1, 99, 1e-13, 0), 29665.798595173877)
((1, 99, 1e-10, 0), 6.10467595648193)
((1, 99, 1e-08, 0), 6.077009264081198)
((1, 99, 1e-09, 0), 6.076277294587065)
((1, 99, 1e-07, 0), 6.077048954119198)
((1, 99, 1e-05, 0), 6.076303725523266)
((1, 99, 1e-06, 0), 6.076987398606346)
((1, 99, 0.1, 0), 3.9845522964675792)
((1, 99, 0.0001, 0), 6.069479586606795)
((1, 99, 0.01, 0), 5.494510275018781)
((1, 99, 0.001, 0), 6.003332661159538)
((1, 100, 1e-15, 0), 21947.375130320997)
((1, 100, 1e-14, 0), 21947.375130320997)
((1, 100, 1e-12, 0), 5308.977092043338)
((1, 100, 1e-13, 0), 602811.0573014566)
((1, 100, 1e-11, 0), 2487.117858342808)
((1, 100, 1e-10, 0), 5.517491560711088)
((1, 100, 1e-09, 0), 5.487255097870531)
((1, 100, 1e-08, 0), 5.4867273493571265)
((1, 100, 1e-07, 0), 5.4866514760009935)
((1, 100, 1e-05, 0), 5.486217600227805)
((1, 100, 1e-06, 0), 5.486617002965269)
((1, 100, 0.01, 0), 5.1276717831832626)
((1, 100, 0.001, 0), 5.443432315519409)
((1, 100, 0.0001, 0), 5.482237378266569)
((1, 100, 0.1, 0), 3.951940945334699)
((1, 101, 1e-15, 0), 20951.76992322025)
((1, 101, 1e-13, 0), 3978.916280440667)
((1, 101, 1e-14, 0), 20951.76992322025)
((1, 101, 1e-11, 0), 488.3488033957659)
((1, 101, 1e-12, 0), 192795.68244193404)
((1, 101, 1e-10, 0), 5.100958381677478)
((1, 101, 1e-09, 0), 5.072432492223783)
((1, 101, 1e-08, 0), 5.071649680662505)
((1, 101, 1e-05, 0), 5.071357183738048)
((1, 101, 1e-07, 0), 5.071649790325954)
((1, 101, 1e-06, 0), 5.071621487041917)
((1, 101, 0.01, 0), 4.831186925961397)
((1, 101, 0.001, 0), 5.043025090945017)
((1, 101, 0.1, 0), 3.9085464413456483)
((1, 101, 0.0001, 0), 5.068719597264314)
--------------------------------------------------------------------------------
Cross validation total time taken: 1032.974023103714 seconds.