Estimator: Volterra
Total number of parameters: 1215
Time started: 20240612-072448
Validation parameters: [501, 501, 501] (training, validation, jump)
Validation type: expanding
Task: Forecast
Normalisation type for inputs: ScaleL2Shift
Normalisation type for targets: NormStd
Error type: meansquare
--------------------------------------------------------------------------------
First log reached. Amount of time elapsed is 12.282181978225708 seconds.
Estimated time to finish is 147.3861837387085 seconds.
--------------------------------------------------------------------------------
((0.1, 0.1, 1e-12, 100), 2.5525012879022846)
((0.1, 0.1, 1e-05, 100), 1.1166384314666358)
((0.1, 0.1, 1e-11, 100), 2.2486589325244415)
((0.1, 0.1, 1e-13, 100), 2.6134487480909634)
((0.1, 0.1, 1e-10, 100), 1.6823830839790173)
((0.1, 0.1, 1e-09, 100), 1.2168278959010206)
((0.1, 0.1, 1e-14, 100), 2.6203535805186178)
((0.1, 0.1, 0.01, 100), 1.1421805412284418)
((0.1, 0.1, 1e-15, 100), 2.6210890218592047)
((0.1, 0.1, 1e-06, 100), 1.0326978605313544)
((0.1, 0.2, 1e-15, 100), 2.4644751221289782)
((0.1, 0.1, 0.1, 100), 1.1417468161764903)
((0.1, 0.2, 1e-12, 100), 2.4633595298565085)
((0.1, 0.2, 1e-09, 100), 2.026835474479596)
((0.1, 0.1, 1e-07, 100), 1.030718832646711)
((0.1, 0.2, 1e-11, 100), 2.4535293410215644)
((0.1, 0.2, 1e-05, 100), 1.021413572485833)
((0.1, 0.2, 0.0001, 100), 1.0948904120965621)
((0.1, 0.2, 1e-14, 100), 2.46446526213827)
((0.1, 0.2, 1e-07, 100), 1.0763763557185007)
((0.1, 0.2, 1e-06, 100), 1.0284296273953977)
((0.1, 0.2, 0.001, 100), 1.1441753670314894)
((0.1, 0.3, 1e-13, 100), 2.4077566678340276)
((0.1, 0.2, 0.01, 100), 1.1437735733932128)
((0.1, 0.2, 1e-08, 100), 1.448094699048807)
((0.1, 0.3, 1e-15, 100), 2.4077669497430683)
((0.1, 0.3, 1e-12, 100), 2.4076641880957794)
((0.1, 0.3, 1e-11, 100), 2.4067408754702697)
((0.1, 0.3, 1e-06, 100), 1.0694979638192352)
((0.1, 0.1, 0.0001, 100), 1.150364588943512)
((0.1, 0.2, 1e-10, 100), 2.3721997315714116)
((0.1, 0.3, 1e-08, 100), 1.9789610783012883)
((0.1, 0.2, 0.1, 100), 1.14172194017606)
((0.1, 0.1, 1e-08, 100), 1.0389612857210078)
((0.1, 0.1, 0.001, 100), 1.147641036605014)
((0.1, 0.2, 1e-13, 100), 2.4643639415985246)
((0.1, 0.3, 0.001, 100), 1.1174918874425461)
((0.1, 0.3, 1e-09, 100), 2.321160650242925)
((0.1, 0.3, 1e-07, 100), 1.4026129831764864)
((0.1, 0.3, 1e-05, 100), 1.0246941110263017)
((0.1, 0.4, 1e-14, 100), 2.3858834416172994)
((0.1, 0.4, 1e-15, 100), 2.385883614209236)
((0.1, 0.4, 1e-13, 100), 2.3858815760639245)
((0.1, 0.4, 1e-12, 100), 2.3858626044616535)
((0.1, 0.3, 1e-14, 100), 2.4077659351606187)
((0.1, 0.3, 0.0001, 100), 1.0311305722528996)
((0.1, 0.3, 0.1, 100), 1.1416230173552282)
((0.1, 0.4, 1e-11, 100), 2.3856735425105784)
((0.1, 0.3, 0.01, 100), 1.1427930988886845)
((0.1, 0.3, 1e-10, 100), 2.397687500740052)
((0.1, 0.4, 1e-05, 100), 1.048732491173579)
((0.1, 0.4, 0.0001, 100), 1.014974750338312)
((0.1, 0.4, 1e-06, 100), 1.2442265190234618)
((0.1, 0.4, 1e-10, 100), 2.3837895780918097)
((0.1, 0.4, 1e-07, 100), 1.7723775009127376)
((0.1, 0.4, 1e-09, 100), 2.3656232062970246)
((0.1, 0.4, 0.1, 100), 1.1411628129975848)
((0.1, 0.4, 0.01, 100), 1.1364588892462244)
((0.1, 0.4, 0.001, 100), 1.0766289792990522)
((0.1, 0.5, 1e-15, 100), 2.374630276797293)
((0.1, 0.4, 1e-08, 100), 2.228639690391464)
((0.1, 0.5, 1e-14, 100), 2.374630212367083)
((0.1, 0.5, 1e-13, 100), 2.374629633069892)
((0.1, 0.5, 1e-10, 100), 2.373982686547635)
((0.1, 0.5, 1e-09, 100), 2.36821805817614)
((0.1, 0.5, 1e-12, 100), 2.3746238025242765)
((0.1, 0.5, 1e-05, 100), 1.1172421906345555)
((0.1, 0.5, 1e-06, 100), 1.4796260540295958)
((0.1, 0.5, 0.001, 100), 1.0429470515296515)
((0.1, 0.5, 0.0001, 100), 1.0218854435296738)
((0.1, 0.5, 1e-08, 100), 2.316045025418329)
((0.1, 0.5, 0.01, 100), 1.124523677580721)
((0.1, 0.5, 0.1, 100), 1.140034884390507)
((0.1, 0.5, 1e-07, 100), 2.029632869044762)
((0.1, 0.5, 1e-11, 100), 2.374565463554458)
((0.1, 0.6, 1e-07, 100), 2.1872583512178987)
((0.1, 0.6, 1e-10, 100), 2.3751322739607006)
((0.1, 0.6, 1e-15, 100), 2.375392115384845)
((0.1, 0.6, 1e-13, 100), 2.37539186074898)
((0.1, 0.6, 1e-14, 100), 2.375392091819857)
((0.1, 0.6, 1e-11, 100), 2.3753661210185237)
((0.1, 0.6, 1e-08, 100), 2.3504515897258624)
((0.1, 0.6, 1e-12, 100), 2.375389517919305)
((0.1, 0.6, 1e-05, 100), 1.2292146955934662)
((0.1, 0.6, 1e-09, 100), 2.3728036721708845)
((0.1, 0.6, 1e-06, 100), 1.700153511340482)
((0.1, 0.6, 0.0001, 100), 1.0423373764369805)
((0.1, 0.6, 0.01, 100), 1.1095317565762544)
((0.1, 0.6, 0.001, 100), 1.0246067586152388)
((0.1, 0.6, 0.1, 100), 1.1381632377008177)
((0.1, 0.7, 1e-14, 100), 2.405568432689626)
((0.1, 0.7, 1e-10, 100), 2.405436082617276)
((0.1, 0.7, 1e-15, 100), 2.405568443885553)
((0.1, 0.7, 1e-13, 100), 2.40556831439046)
((0.1, 0.7, 1e-09, 100), 2.404247330817678)
((0.1, 0.7, 1e-07, 100), 2.295051504575185)
((0.1, 0.7, 1e-06, 100), 1.8903438417840477)
((0.1, 0.7, 1e-12, 100), 2.4055671219229993)
((0.1, 0.7, 1e-08, 100), 2.3926012924816202)
((0.1, 0.7, 1e-11, 100), 2.4055552085796608)
((0.1, 0.7, 0.0001, 100), 1.0753457083307292)
((0.1, 0.7, 1e-05, 100), 1.3563371407642544)
((0.1, 0.7, 0.001, 100), 1.0182100034637263)
((0.1, 0.7, 0.01, 100), 1.095747038644115)
((0.1, 0.7, 0.1, 100), 1.1358909984211791)
((0.1, 0.8, 1e-10, 100), 2.4967674381264473)
((0.1, 0.8, 1e-09, 100), 2.4959450355475292)
((0.1, 0.8, 1e-15, 100), 2.4968589394123213)
((0.1, 0.8, 1e-08, 100), 2.487830485135465)
((0.1, 0.8, 1e-14, 100), 2.4968589315510803)
((0.1, 0.8, 1e-07, 100), 2.4159443752727676)
((0.1, 0.8, 1e-11, 100), 2.4968497900562805)
((0.1, 0.8, 1e-05, 100), 1.4736616712431716)
((0.1, 0.8, 1e-13, 100), 2.4968588488670553)
((0.1, 0.8, 1e-06, 100), 2.057101702564285)
((0.1, 0.8, 0.1, 100), 1.1341408847187509)
((0.1, 0.8, 0.001, 100), 1.0187027280637404)
((0.1, 0.9, 1e-14, 100), 2.7240478696496533)
((0.1, 0.8, 1e-12, 100), 2.496858025551049)
((0.1, 0.9, 1e-10, 100), 2.723938393813297)
((0.1, 0.9, 1e-15, 100), 2.724047879368301)
((0.1, 0.9, 1e-11, 100), 2.7240369303790044)
((0.1, 0.9, 1e-12, 100), 2.724046785546082)
((0.1, 0.9, 1e-06, 100), 2.2059177281763818)
((0.1, 0.9, 1e-08, 100), 2.713250459092084)
((0.1, 0.8, 0.01, 100), 1.0878472849518839)
((0.1, 0.8, 0.0001, 100), 1.110822503188515)
((0.1, 0.9, 0.001, 100), 1.0223394001178563)
((0.1, 0.9, 1e-09, 100), 2.722954400136353)
((0.1, 0.9, 0.0001, 100), 1.119568565516254)
((0.1, 0.9, 0.01, 100), 1.0927997426975204)
((0.1, 0.9, 0.1, 100), 1.1347035728286687)
((0.1, 0.9, 1e-13, 100), 2.724047771360733)
((0.1, 0.9, 1e-07, 100), 2.627630358811027)
((0.2, 0.1, 1e-14, 100), 2.0296716520218143)
((0.2, 0.1, 1e-08, 100), 1.1837925162686447)
((0.2, 0.1, 1e-13, 100), 2.02947972851109)
((0.2, 0.1, 1e-10, 100), 1.8785035207809522)
((0.2, 0.1, 1e-06, 100), 1.0035094621414609)
((0.2, 0.1, 1e-09, 100), 1.5190739344982753)
((0.2, 0.1, 1e-12, 100), 2.0275064019382203)
((0.2, 0.1, 0.01, 100), 1.1447226906879964)
((0.2, 0.1, 1e-11, 100), 2.0087618792100015)
((0.2, 0.1, 0.001, 100), 1.1524704959373337)
((0.2, 0.1, 1e-05, 100), 1.0640732584304828)
((0.2, 0.1, 1e-15, 100), 2.029692370901285)
((0.2, 0.1, 1e-07, 100), 1.0230181846226838)
((0.2, 0.1, 0.0001, 100), 1.1435186908420332)
((0.1, 0.9, 1e-05, 100), 1.531689758937993)
((0.2, 0.1, 0.1, 100), 1.1418072431209096)
((0.2, 0.2, 1e-15, 100), 1.915604931028798)
((0.2, 0.2, 1e-14, 100), 1.9156044673686121)
((0.2, 0.2, 1e-13, 100), 1.915600208227724)
((0.2, 0.2, 1e-11, 100), 1.9151274603315394)
((0.2, 0.2, 1e-12, 100), 1.9155571680635035)
((0.2, 0.2, 1e-06, 100), 1.038153314783735)
((0.2, 0.2, 1e-10, 100), 1.9108773580800036)
((0.2, 0.2, 1e-08, 100), 1.6629918440169895)
((0.2, 0.2, 1e-05, 100), 0.993026397915161)
((0.2, 0.2, 0.001, 100), 1.126990544746835)
((0.2, 0.3, 1e-15, 100), 1.8463659262207237)
((0.2, 0.2, 0.1, 100), 1.142364630155617)
((0.2, 0.3, 1e-14, 100), 1.84636587636463)
((0.2, 0.2, 1e-07, 100), 1.2772363917466023)
((0.2, 0.2, 1e-09, 100), 1.8724709361507)
((0.2, 0.2, 0.01, 100), 1.1464293784142325)
((0.2, 0.3, 1e-11, 100), 1.8463181104749407)
((0.2, 0.3, 1e-12, 100), 1.8463611399344084)
((0.2, 0.3, 1e-13, 100), 1.8463654469863537)
((0.2, 0.3, 1e-09, 100), 1.8416403560575503)
((0.2, 0.2, 0.0001, 100), 1.0384523275349367)
((0.2, 0.3, 0.0001, 100), 0.9974186125926142)
((0.2, 0.3, 1e-10, 100), 1.8458883389503207)
((0.2, 0.3, 1e-07, 100), 1.5982496651484581)
((0.2, 0.3, 0.001, 100), 1.0651809941766597)
((0.2, 0.3, 1e-06, 100), 1.2244012746263349)
((0.2, 0.3, 0.01, 100), 1.1357053935055317)
((0.2, 0.3, 1e-08, 100), 1.803426298544159)
((0.2, 0.3, 1e-05, 100), 1.0102679640937906)
((0.2, 0.4, 1e-15, 100), 1.808132282839237)
((0.2, 0.4, 1e-10, 100), 1.8080354592734138)
((0.2, 0.4, 1e-11, 100), 1.8081225996788137)
((0.2, 0.4, 1e-14, 100), 1.8081322751788567)
((0.2, 0.4, 1e-13, 100), 1.8081321865247357)
((0.2, 0.4, 1e-09, 100), 1.8071661957767653)
((0.2, 0.3, 0.1, 100), 1.1424039850437386)
((0.2, 0.4, 1e-12, 100), 1.8081313152048863)
((0.2, 0.4, 1e-07, 100), 1.7291971794866885)
((0.2, 0.4, 1e-06, 100), 1.453292831921987)
((0.2, 0.4, 0.001, 100), 1.020877122737844)
((0.2, 0.4, 0.1, 100), 1.1402987030008847)
((0.2, 0.5, 1e-13, 100), 1.7962885557564434)
((0.2, 0.4, 1e-05, 100), 1.1053116236738063)
((0.2, 0.5, 1e-15, 100), 1.796288586391287)
((0.2, 0.4, 0.0001, 100), 0.993009585127721)
((0.2, 0.4, 1e-08, 100), 1.7986794192189008)
((0.2, 0.5, 1e-14, 100), 1.7962885837444258)
((0.2, 0.5, 1e-12, 100), 1.7962882780568763)
((0.2, 0.4, 0.01, 100), 1.110847802967171)
((0.2, 0.5, 1e-11, 100), 1.7962854949901725)
((0.2, 0.5, 1e-10, 100), 1.7962576684904075)
((0.2, 0.5, 1e-09, 100), 1.7959796190022566)
((0.2, 0.5, 1e-08, 100), 1.7932204432847372)
((0.2, 0.5, 1e-06, 100), 1.6081009312490102)
((0.2, 0.5, 1e-07, 100), 1.7675468973909614)
((0.2, 0.6, 1e-14, 100), 1.809613171662248)
((0.2, 0.5, 1e-05, 100), 1.2489533062873837)
((0.2, 0.5, 0.0001, 100), 1.0180031564867562)
((0.2, 0.6, 1e-13, 100), 1.8096131593645925)
((0.2, 0.5, 0.001, 100), 1.0035167974353554)
((0.2, 0.6, 1e-10, 100), 1.8095992942760322)
((0.2, 0.5, 0.01, 100), 1.080096484606512)
((0.2, 0.6, 1e-12, 100), 1.8096130344966173)
((0.2, 0.6, 1e-15, 100), 1.809613173038122)
((0.2, 0.6, 1e-08, 100), 1.8082298836505888)
((0.2, 0.5, 0.1, 100), 1.1352897950386853)
((0.2, 0.6, 1e-11, 100), 1.8096117852025528)
((0.2, 0.6, 1e-09, 100), 1.8094744256371513)
((0.2, 0.6, 1e-05, 100), 1.387964760696827)
((0.2, 0.6, 0.0001, 100), 1.0737279806958064)
((0.2, 0.6, 0.01, 100), 1.0541564727118353)
((0.2, 0.6, 1e-07, 100), 1.7961799698111474)
((0.2, 0.7, 1e-14, 100), 1.850519213160967)
((0.2, 0.7, 1e-15, 100), 1.850519213913028)
((0.2, 0.6, 1e-06, 100), 1.703073290247826)
((0.2, 0.6, 0.001, 100), 1.0023178343285224)
((0.2, 0.7, 1e-13, 100), 1.8505192057798463)
((0.2, 0.7, 1e-11, 100), 1.8505183778696535)
((0.2, 0.7, 1e-12, 100), 1.8505191303356974)
((0.2, 0.7, 1e-08, 100), 1.8496846249332954)
((0.2, 0.7, 0.001, 100), 1.0129612104240473)
((0.2, 0.7, 0.01, 100), 1.038024474415598)
((0.2, 0.7, 1e-06, 100), 1.7796119645514126)
((0.2, 0.8, 1e-14, 100), 1.9341137245441598)
((0.2, 0.7, 1e-09, 100), 1.850435611623278)
((0.2, 0.6, 0.1, 100), 1.1279239545993753)
((0.2, 0.8, 1e-15, 100), 1.9341137250931095)
((0.2, 0.7, 1e-05, 100), 1.5062872738713033)
((0.2, 0.8, 1e-12, 100), 1.934113656138328)
((0.2, 0.7, 1e-07, 100), 1.8423131099375698)
((0.2, 0.7, 0.0001, 100), 1.1458067848988303)
((0.2, 0.8, 1e-10, 100), 1.9341068193670439)
((0.2, 0.8, 1e-07, 100), 1.927306992815166)
((0.2, 0.8, 1e-09, 100), 1.934044675901849)
((0.2, 0.7, 1e-10, 100), 1.850510852409722)
((0.2, 0.8, 1e-11, 100), 1.9341130345351627)
((0.2, 0.8, 1e-08, 100), 1.9334241411094095)
((0.2, 0.8, 1e-06, 100), 1.8735106181345678)
((0.2, 0.7, 0.1, 100), 1.1201293179952003)
((0.2, 0.8, 1e-13, 100), 1.9341137182289216)
((0.2, 0.8, 1e-05, 100), 1.6120346161081365)
((0.2, 0.8, 0.0001, 100), 1.217416884154096)
((0.2, 0.8, 0.001, 100), 1.0309990129624964)
((0.2, 0.9, 1e-15, 100), 2.1342932783219597)
((0.2, 0.8, 0.01, 100), 1.032227548164033)
((0.2, 0.8, 0.1, 100), 1.115067473126577)
((0.2, 0.9, 1e-13, 100), 2.1342932685102953)
((0.2, 0.9, 1e-11, 100), 2.134292278426595)
((0.2, 0.9, 1e-06, 100), 2.0490737664557273)
((0.2, 0.9, 1e-09, 100), 2.1341932969571342)
((0.2, 0.9, 0.0001, 100), 1.2643897841597818)
((0.2, 0.9, 1e-10, 100), 2.134283278708844)
((0.2, 0.9, 1e-14, 100), 2.1342932774766776)
((0.2, 0.9, 1e-08, 100), 2.1332951140321303)
((0.2, 0.9, 1e-07, 100), 2.1244726713447144)
((0.2, 0.9, 1e-05, 100), 1.7172902469045432)
((0.2, 0.9, 1e-12, 100), 2.134293178486126)
((0.2, 0.9, 0.1, 100), 1.1177645213101686)
((0.2, 0.9, 0.01, 100), 1.039268538350338)
((0.3, 0.1, 1e-15, 100), 1.7136755768890712)
((0.2, 0.9, 0.001, 100), 1.0423683262309864)
((0.3, 0.1, 1e-13, 100), 1.7136593070256008)
((0.3, 0.1, 1e-12, 100), 1.7135100977346558)
((0.3, 0.1, 1e-14, 100), 1.7136740572960893)
((0.3, 0.1, 1e-10, 100), 1.697913269720729)
((0.3, 0.1, 1e-09, 100), 1.6002978181016665)
((0.3, 0.1, 1e-06, 100), 0.9805674624606487)
((0.3, 0.1, 1e-07, 100), 1.0863005329959454)
((0.3, 0.1, 1e-08, 100), 1.340117874363883)
((0.3, 0.2, 1e-15, 100), 1.5882933383857694)
((0.3, 0.1, 0.0001, 100), 1.1288906864298192)
((0.3, 0.1, 0.1, 100), 1.1421705359910923)
((0.3, 0.1, 1e-05, 100), 1.0256555171074448)
((0.3, 0.1, 1e-11, 100), 1.7120271757620835)
((0.3, 0.1, 0.001, 100), 1.1566789856682047)
((0.3, 0.2, 1e-10, 100), 1.587862781401375)
((0.3, 0.1, 0.01, 100), 1.148085694200029)
((0.3, 0.2, 1e-08, 100), 1.5500727774426604)
((0.3, 0.2, 1e-11, 100), 1.5882502236604845)
((0.3, 0.2, 1e-12, 100), 1.588289016562036)
((0.3, 0.2, 1e-09, 100), 1.5840384970029173)
((0.3, 0.2, 1e-14, 100), 1.5882932873924365)
((0.3, 0.2, 1e-06, 100), 1.1126218313568161)
((0.3, 0.2, 1e-07, 100), 1.3798939614417236)
((0.3, 0.2, 1e-05, 100), 0.9778236453135536)
((0.3, 0.2, 0.0001, 100), 0.9997893627405547)
((0.3, 0.2, 0.01, 100), 1.1466647725230281)
((0.3, 0.2, 0.001, 100), 1.1022586073760734)
((0.3, 0.2, 1e-13, 100), 1.5882929038348117)
((0.3, 0.2, 0.1, 100), 1.1437767352012715)
((0.3, 0.3, 1e-15, 100), 1.5323514183846765)
((0.3, 0.3, 1e-14, 100), 1.5323514149414152)
((0.3, 0.3, 1e-13, 100), 1.5323513680443985)
((0.3, 0.3, 1e-12, 100), 1.5323509067052934)
((0.3, 0.3, 1e-11, 100), 1.5323462844217157)
((0.3, 0.3, 1e-10, 100), 1.5323000734090855)
((0.3, 0.3, 1e-09, 100), 1.531838701501838)
((0.3, 0.3, 1e-07, 100), 1.4877529500762134)
((0.3, 0.3, 1e-08, 100), 1.527296152511773)
((0.3, 0.3, 0.1, 100), 1.1428978681979696)
((0.3, 0.3, 0.01, 100), 1.1210347854117166)
((0.3, 0.3, 0.001, 100), 1.0237360482527094)
((0.3, 0.4, 1e-14, 100), 1.5038119240915957)
((0.3, 0.4, 1e-11, 100), 1.503810745150267)
((0.3, 0.3, 1e-05, 100), 1.0537029921060712)
((0.3, 0.4, 1e-09, 100), 1.5036939631545776)
((0.3, 0.4, 1e-13, 100), 1.5038119135543553)
((0.3, 0.3, 0.0001, 100), 0.9668374736829677)
((0.3, 0.4, 1e-08, 100), 1.5026362541390212)
((0.3, 0.4, 1e-12, 100), 1.5038118069734883)
((0.3, 0.4, 1e-06, 100), 1.4155344925425584)
((0.3, 0.4, 1e-05, 100), 1.1791352582896242)
((0.3, 0.4, 1e-10, 100), 1.5038001252145703)
((0.3, 0.3, 1e-06, 100), 1.3038719171141104)
((0.3, 0.4, 1e-07, 100), 1.4924309223171297)
((0.3, 0.5, 1e-15, 100), 1.4948480733758363)
((0.3, 0.4, 0.0001, 100), 0.9884058769781314)
((0.3, 0.4, 0.001, 100), 0.9844238754638086)
((0.3, 0.5, 1e-14, 100), 1.4948480730427076)
((0.3, 0.4, 1e-15, 100), 1.5038119251971138)
((0.3, 0.5, 1e-09, 100), 1.494807426335112)
((0.3, 0.5, 0.001, 100), 0.9729939981835747)
((0.3, 0.5, 1e-11, 100), 1.4948476668929813)
((0.3, 0.5, 1e-08, 100), 1.494442083416166)
((0.3, 0.5, 1e-12, 100), 1.494848032734307)
((0.3, 0.4, 0.1, 100), 1.136688534874128)
((0.3, 0.6, 1e-15, 100), 1.5066051203759814)
((0.3, 0.6, 1e-13, 100), 1.5066051184991112)
((0.3, 0.6, 1e-14, 100), 1.506605120217856)
((0.3, 0.5, 0.01, 100), 1.03996455064232)
((0.3, 0.5, 1e-13, 100), 1.4948480692806478)
((0.3, 0.5, 0.1, 100), 1.1248572628018587)
((0.3, 0.5, 1e-10, 100), 1.4948440081855803)
((0.3, 0.4, 0.01, 100), 1.0783571158538205)
((0.3, 0.5, 1e-06, 100), 1.458726698524406)
((0.3, 0.5, 1e-07, 100), 1.490835347024915)
((0.3, 0.6, 1e-12, 100), 1.5066051010656156)
((0.3, 0.5, 1e-05, 100), 1.29558793922163)
((0.3, 0.6, 1e-11, 100), 1.5066049272833744)
((0.3, 0.5, 0.0001, 100), 1.0473720264510793)
((0.3, 0.6, 1e-10, 100), 1.5066031891122873)
((0.3, 0.6, 1e-08, 100), 1.506412109663962)
((0.3, 0.6, 1e-09, 100), 1.506585808541263)
((0.3, 0.6, 1e-07, 100), 1.5046857429320246)
((0.3, 0.6, 1e-06, 100), 1.4883986606278472)
((0.3, 0.6, 0.0001, 100), 1.125288598507207)
((0.3, 0.6, 0.1, 100), 1.1099787225667224)
((0.3, 0.6, 1e-05, 100), 1.380553187196541)
((0.3, 0.6, 0.01, 100), 1.0161386508238563)
((0.3, 0.6, 0.001, 100), 0.9818621841665405)
((0.3, 0.7, 1e-14, 100), 1.5459028480692645)
((0.3, 0.7, 1e-15, 100), 1.545902848160646)
((0.3, 0.7, 1e-09, 100), 1.5458903679341245)
((0.3, 0.7, 1e-10, 100), 1.5459016001055397)
((0.3, 0.7, 1e-08, 100), 1.5457780887987755)
((0.3, 0.7, 1e-13, 100), 1.5459028469397276)
((0.3, 0.7, 1e-12, 100), 1.545902835699522)
((0.3, 0.7, 1e-06, 100), 1.533877421968486)
((0.3, 0.7, 1e-05, 100), 1.4529882988895584)
((0.3, 0.7, 0.0001, 100), 1.203959883004187)
((0.3, 0.7, 1e-11, 100), 1.5459027233665374)
((0.3, 0.7, 0.001, 100), 1.0064584800779943)
((0.3, 0.7, 0.1, 100), 1.0964453576756095)
((0.3, 0.7, 1e-07, 100), 1.5446595492482462)
((0.3, 0.8, 1e-15, 100), 1.630405412175638)
((0.3, 0.7, 0.01, 100), 1.0062339348657343)
((0.3, 0.8, 1e-09, 100), 1.630393740476808)
((0.3, 0.8, 1e-12, 100), 1.6304054005345712)
((0.3, 0.8, 1e-14, 100), 1.6304054120869211)
((0.3, 0.8, 1e-10, 100), 1.6304042449860454)
((0.3, 0.8, 1e-13, 100), 1.6304054110177766)
((0.3, 0.8, 1e-05, 100), 1.540236508832217)
((0.3, 0.8, 1e-11, 100), 1.630405295468608)
((0.3, 0.8, 0.01, 100), 1.0073305908630052)
((0.3, 0.8, 1e-06, 100), 1.6190956321493004)
((0.3, 0.8, 0.1, 100), 1.0891627861482145)
((0.3, 0.8, 0.001, 100), 1.0394900729778553)
((0.3, 0.9, 1e-13, 100), 1.8199196908439839)
((0.3, 0.8, 1e-07, 100), 1.6292419743577642)
((0.3, 0.8, 0.0001, 100), 1.276476767997999)
((0.3, 0.9, 1e-15, 100), 1.8199196928380175)
((0.3, 0.8, 1e-08, 100), 1.630288729263352)
((0.3, 0.9, 1e-14, 100), 1.8199196926490284)
((0.3, 0.9, 1e-12, 100), 1.8199196723982776)
((0.3, 0.9, 1e-07, 100), 1.8178820189833922)
((0.3, 0.9, 1e-10, 100), 1.8199176455500303)
((0.3, 0.9, 1e-08, 100), 1.8197150558134016)
((0.3, 0.9, 1e-11, 100), 1.819919488132184)
((0.3, 0.9, 1e-09, 100), 1.8198992204074471)
((0.3, 0.9, 1e-06, 100), 1.8003600568787828)
((0.3, 0.9, 0.0001, 100), 1.3346422928659647)
((0.3, 0.9, 0.001, 100), 1.0680183333416655)
((0.3, 0.9, 1e-05, 100), 1.6757588073973142)
((0.3, 0.9, 0.01, 100), 1.0169453953543486)
((0.3, 0.9, 0.1, 100), 1.0950966102014523)
((0.4, 0.1, 1e-14, 100), 1.5171493984296813)
((0.4, 0.1, 1e-15, 100), 1.5171495474691927)
((0.4, 0.1, 1e-09, 100), 1.4994144901755893)
((0.4, 0.1, 1e-11, 100), 1.5169599857021985)
((0.4, 0.1, 1e-10, 100), 1.5152658847042153)
((0.4, 0.1, 1e-12, 100), 1.517130584846797)
((0.4, 0.1, 1e-07, 100), 1.169626103078685)
((0.4, 0.1, 1e-08, 100), 1.3994686268801388)
((0.4, 0.1, 0.001, 100), 1.160964914406442)
((0.4, 0.1, 0.0001, 100), 1.1082408522019302)
((0.4, 0.1, 1e-06, 100), 0.9878556335643512)
((0.4, 0.1, 1e-05, 100), 0.9887938128211579)
((0.4, 0.1, 1e-13, 100), 1.5171476521227913)
((0.4, 0.2, 1e-14, 100), 1.3825335245076538)
((0.4, 0.2, 1e-12, 100), 1.3825329774733146)
((0.4, 0.1, 0.01, 100), 1.152478636933052)
((0.4, 0.1, 0.1, 100), 1.14300851536836)
((0.4, 0.2, 1e-09, 100), 1.3819815729897884)
((0.4, 0.2, 1e-06, 100), 1.1771073974240218)
((0.4, 0.2, 1e-08, 100), 1.3771200965428227)
((0.4, 0.2, 1e-07, 100), 1.336735796437093)
((0.4, 0.2, 1e-05, 100), 0.9925697706281607)
((0.4, 0.2, 1e-11, 100), 1.3825279984680012)
((0.4, 0.2, 1e-15, 100), 1.3825335306209738)
((0.4, 0.3, 1e-15, 100), 1.3213268326745926)
((0.4, 0.2, 1e-13, 100), 1.3825334754451153)
((0.4, 0.3, 1e-14, 100), 1.3213268319926355)
((0.4, 0.2, 0.0001, 100), 0.9634510036170054)
((0.4, 0.3, 1e-13, 100), 1.32132682545798)
((0.4, 0.2, 1e-10, 100), 1.3824782237477924)
((0.4, 0.2, 0.001, 100), 1.0723794210584257)
((0.4, 0.2, 0.01, 100), 1.1452940179078475)
((0.4, 0.2, 0.1, 100), 1.1457150826642593)
((0.4, 0.3, 1e-09, 100), 1.3212540875007648)
((0.4, 0.3, 1e-08, 100), 1.3206013161659276)
((0.4, 0.3, 1e-10, 100), 1.3213195562268745)
((0.4, 0.3, 1e-06, 100), 1.2643220067298597)
((0.4, 0.3, 1e-11, 100), 1.3213261051682452)
((0.4, 0.3, 1e-12, 100), 1.3213267598204355)
((0.4, 0.3, 1e-05, 100), 1.097280106631993)
((0.4, 0.3, 0.0001, 100), 0.9571950683027366)
((0.4, 0.3, 1e-07, 100), 1.3142581544700067)
((0.4, 0.3, 0.001, 100), 0.9845082156885155)
((0.4, 0.3, 0.1, 100), 1.1425703395733986)
((0.4, 0.3, 0.01, 100), 1.100482596265532)
((0.4, 0.4, 1e-15, 100), 1.2946835519223003)
((0.4, 0.4, 1e-11, 100), 1.2946833656520076)
((0.4, 0.4, 1e-14, 100), 1.2946835518045408)
((0.4, 0.4, 1e-13, 100), 1.2946835501068417)
((0.4, 0.4, 1e-12, 100), 1.2946835333744098)
((0.4, 0.4, 1e-07, 100), 1.292834729805064)
((0.4, 0.4, 1e-10, 100), 1.2946816888878185)
((0.4, 0.4, 1e-08, 100), 1.2944973917049825)
((0.4, 0.4, 0.0001, 100), 1.0046692790242944)
((0.4, 0.4, 0.01, 100), 1.0436449792502107)
((0.4, 0.4, 0.1, 100), 1.129874208491635)
((0.4, 0.4, 1e-09, 100), 1.2946649230589973)
((0.4, 0.4, 1e-05, 100), 1.1830493969998699)
((0.4, 0.5, 1e-14, 100), 1.290631203020222)
((0.4, 0.5, 1e-15, 100), 1.2906312030669571)
((0.4, 0.4, 1e-06, 100), 1.2773581538632668)
((0.4, 0.4, 0.001, 100), 0.9513339155417807)
((0.4, 0.5, 1e-13, 100), 1.2906312023653248)
((0.4, 0.5, 1e-12, 100), 1.290631195928611)
((0.4, 0.5, 1e-07, 100), 1.2899155723744307)
((0.4, 0.5, 1e-11, 100), 1.290631131300166)
((0.4, 0.5, 1e-06, 100), 1.2836596192953884)
((0.4, 0.5, 1e-09, 100), 1.290624025638288)
((0.4, 0.5, 0.001, 100), 0.9529778502787941)
((0.4, 0.5, 0.0001, 100), 1.0709189864382045)
((0.4, 0.5, 1e-05, 100), 1.2343892290002771)
((0.4, 0.5, 1e-08, 100), 1.2905594479593494)
((0.4, 0.6, 1e-13, 100), 1.30642507887836)
((0.4, 0.6, 1e-15, 100), 1.3064250792573904)
((0.4, 0.5, 0.01, 100), 1.0031700746931604)
((0.4, 0.6, 1e-14, 100), 1.306425079230023)
((0.4, 0.5, 1e-10, 100), 1.2906304853113961)
((0.4, 0.6, 1e-09, 100), 1.306421294037659)
((0.4, 0.5, 0.1, 100), 1.1093346595268503)
((0.4, 0.6, 1e-11, 100), 1.3064250414028453)
((0.4, 0.6, 1e-12, 100), 1.3064250754691462)
((0.4, 0.6, 1e-08, 100), 1.3063872323238388)
((0.4, 0.6, 1e-10, 100), 1.3064247007313274)
((0.4, 0.6, 1e-05, 100), 1.273470074148155)
((0.4, 0.6, 1e-07, 100), 1.3060471412414671)
((0.4, 0.6, 0.001, 100), 0.9762719974838829)
((0.4, 0.6, 1e-06, 100), 1.3026977044612758)
((0.4, 0.6, 0.01, 100), 0.9829231978254664)
((0.4, 0.6, 0.0001, 100), 1.1380037579934377)
((0.4, 0.7, 1e-15, 100), 1.3464870391399957)
((0.4, 0.6, 0.1, 100), 1.087125583190276)
((0.4, 0.7, 1e-14, 100), 1.3464870391051798)
((0.4, 0.7, 1e-13, 100), 1.3464870388665116)
((0.4, 0.7, 1e-12, 100), 1.3464870364359613)
((0.4, 0.7, 1e-11, 100), 1.34648701211604)
((0.4, 0.7, 1e-10, 100), 1.3464867689246354)
((0.4, 0.7, 1e-09, 100), 1.346484337060663)
((0.4, 0.7, 1e-08, 100), 1.3464600210369262)
((0.4, 0.7, 1e-07, 100), 1.3462171188148908)
((0.4, 0.7, 1e-05, 100), 1.3219943817601258)
((0.4, 0.7, 1e-06, 100), 1.3438135124198087)
((0.4, 0.7, 0.0001, 100), 1.2026618745616715)
((0.4, 0.7, 0.001, 100), 1.012186378860748)
((0.4, 0.8, 1e-14, 100), 1.4277595169161885)
((0.4, 0.8, 1e-13, 100), 1.4277595166655597)
((0.4, 0.7, 0.1, 100), 1.069893844719119)
((0.4, 0.8, 1e-11, 100), 1.4277594887712493)
((0.4, 0.8, 1e-12, 100), 1.427759514127731)
((0.4, 0.8, 1e-15, 100), 1.427759516946598)
((0.4, 0.8, 1e-08, 100), 1.4277313436383565)
((0.4, 0.8, 1e-07, 100), 1.4274780387643926)
((0.4, 0.8, 1e-10, 100), 1.4277592351923551)
((0.4, 0.8, 1e-09, 100), 1.4277566993616022)
((0.4, 0.7, 0.01, 100), 0.9789923398824676)
((0.4, 0.8, 1e-06, 100), 1.4249698775415731)
((0.4, 0.8, 0.0001, 100), 1.273328953421685)
((0.4, 0.8, 0.1, 100), 1.0625805221762141)
((0.4, 0.8, 1e-05, 100), 1.402074481445984)
((0.4, 0.8, 0.01, 100), 0.9879509701378483)
((0.4, 0.9, 1e-13, 100), 1.610954001939109)
((0.4, 0.9, 1e-09, 100), 1.6109481626741382)
((0.4, 0.9, 1e-08, 100), 1.6108956128061631)
((0.4, 0.9, 1e-11, 100), 1.6109539441246095)
((0.4, 0.9, 1e-10, 100), 1.61095341852706)
((0.4, 0.8, 0.001, 100), 1.0521913157709708)
((0.4, 0.9, 1e-06, 100), 1.6052086572782263)
((0.4, 0.9, 1e-14, 100), 1.6109540024632416)
((0.4, 0.9, 0.0001, 100), 1.3553207479366747)
((0.4, 0.9, 1e-15, 100), 1.6109540025118796)
((0.4, 0.9, 1e-07, 100), 1.6103709741015897)
((0.4, 0.9, 0.01, 100), 1.006065413817467)
((0.4, 0.9, 1e-12, 100), 1.610953996685445)
((0.4, 0.9, 0.001, 100), 1.085474665763122)
((0.4, 0.9, 0.1, 100), 1.0717874585395528)
((0.4, 0.9, 1e-05, 100), 1.5604718043216985)
((0.5, 0.1, 1e-15, 100), 1.3407884558842713)
((0.5, 0.1, 1e-13, 100), 1.3407882090769772)
((0.5, 0.1, 1e-11, 100), 1.3407635946265277)
((0.5, 0.1, 1e-10, 100), 1.3405400366767417)
((0.5, 0.1, 1e-09, 100), 1.3383282070109377)
((0.5, 0.1, 1e-12, 100), 1.3407859774597268)
((0.5, 0.1, 1e-14, 100), 1.340788439711834)
((0.5, 0.1, 1e-08, 100), 1.318294760575269)
((0.5, 0.1, 1e-07, 100), 1.2100093018948537)
((0.5, 0.1, 1e-06, 100), 1.0214578709613549)
((0.5, 0.1, 1e-05, 100), 0.9616847602726271)
((0.5, 0.1, 0.1, 100), 1.1445822005848294)
((0.5, 0.1, 0.01, 100), 1.1588039803547114)
((0.5, 0.2, 1e-15, 100), 1.2327174620678567)
((0.5, 0.1, 0.0001, 100), 1.08122817356111)
((0.5, 0.2, 1e-14, 100), 1.2327174613513334)
((0.5, 0.2, 1e-12, 100), 1.2327173772741566)
((0.5, 0.2, 1e-11, 100), 1.232716618025174)
((0.5, 0.2, 1e-13, 100), 1.232717453725516)
((0.5, 0.1, 0.001, 100), 1.1650464598295212)
((0.5, 0.2, 1e-08, 100), 1.2318767059821867)
((0.5, 0.2, 0.001, 100), 1.0369005179616324)
((0.5, 0.2, 0.1, 100), 1.1485060172934314)
((0.5, 0.2, 1e-05, 100), 1.0225574646245696)
((0.5, 0.3, 1e-15, 100), 1.1741525117645415)
((0.5, 0.2, 1e-06, 100), 1.1714103652155372)
((0.5, 0.2, 1e-10, 100), 1.2327090202901274)
((0.5, 0.3, 1e-14, 100), 1.1741525117046876)
((0.5, 0.2, 1e-07, 100), 1.2246055443697403)
((0.5, 0.3, 1e-12, 100), 1.1741524998831183)
((0.5, 0.2, 1e-09, 100), 1.2326330754713533)
((0.5, 0.3, 1e-11, 100), 1.1741523927171988)
((0.5, 0.3, 1e-13, 100), 1.1741525106057622)
((0.5, 0.2, 0.01, 100), 1.14156865431671)
((0.5, 0.2, 0.0001, 100), 0.9386338350931641)
((0.5, 0.3, 0.0001, 100), 0.9644114129998302)
((0.5, 0.3, 1e-10, 100), 1.1741513206573964)
((0.5, 0.4, 1e-15, 100), 1.1467718305694272)
((0.5, 0.3, 1e-06, 100), 1.1629351014382894)
((0.5, 0.3, 1e-05, 100), 1.0979986887629472)
((0.5, 0.3, 0.001, 100), 0.9472222606169506)
((0.5, 0.4, 1e-14, 100), 1.1467718305402195)
((0.5, 0.3, 1e-09, 100), 1.1741406009696063)
((0.5, 0.4, 1e-12, 100), 1.146771827281516)
((0.5, 0.4, 1e-13, 100), 1.1467718302467214)
((0.5, 0.3, 1e-07, 100), 1.1729687854552835)
((0.5, 0.4, 1e-11, 100), 1.146771797580063)
((0.5, 0.4, 1e-10, 100), 1.1467715007346164)
((0.5, 0.3, 0.1, 100), 1.1411948723958742)
((0.5, 0.3, 1e-08, 100), 1.1740334710813833)
((0.5, 0.4, 1e-07, 100), 1.1464425866250465)
((0.5, 0.4, 1e-08, 100), 1.1467388522854718)
((0.5, 0.4, 0.0001, 100), 1.0156819438697977)
((0.5, 0.4, 1e-09, 100), 1.1467685322001966)
((0.5, 0.3, 0.01, 100), 1.0734230079222598)
((0.5, 0.4, 0.001, 100), 0.9291187077809019)
((0.5, 0.4, 1e-05, 100), 1.1186956155282632)
((0.5, 0.4, 1e-06, 100), 1.1435320910133158)
((0.5, 0.4, 0.01, 100), 1.0056817523406285)
((0.5, 0.4, 0.1, 100), 1.119074707301375)
((0.5, 0.5, 1e-15, 100), 1.1425143482747024)
((0.5, 0.5, 1e-14, 100), 1.1425143482640245)
((0.5, 0.5, 1e-13, 100), 1.1425143481387767)
((0.5, 0.5, 1e-11, 100), 1.1425143342593038)
((0.5, 0.5, 1e-08, 100), 1.1425003309155066)
((0.5, 0.5, 1e-05, 100), 1.1294940529727178)
((0.5, 0.5, 1e-10, 100), 1.1425142080979327)
((0.5, 0.5, 1e-09, 100), 1.1425129464440547)
((0.5, 0.5, 1e-06, 100), 1.1411233576999593)
((0.5, 0.5, 1e-07, 100), 1.142374273198239)
((0.5, 0.5, 0.0001, 100), 1.0597536897542332)
((0.5, 0.5, 0.01, 100), 0.9660970031546781)
((0.5, 0.5, 1e-12, 100), 1.1425143468768897)
((0.5, 0.5, 0.001, 100), 0.9447132726805808)
((0.5, 0.5, 0.1, 100), 1.0885234211130344)
((0.5, 0.6, 1e-12, 100), 1.1594082481561254)
((0.5, 0.6, 1e-14, 100), 1.1594082489793884)
((0.5, 0.6, 1e-15, 100), 1.1594082489899387)
((0.5, 0.6, 1e-11, 100), 1.1594082406646378)
((0.5, 0.6, 1e-13, 100), 1.159408248904183)
((0.5, 0.6, 1e-09, 100), 1.1594074167715245)
((0.5, 0.6, 1e-07, 100), 1.1593250647595885)
((0.5, 0.6, 1e-06, 100), 1.1585797814285936)
((0.5, 0.6, 1e-08, 100), 1.1593999271694433)
((0.5, 0.6, 1e-10, 100), 1.159408165768232)
((0.5, 0.6, 0.01, 100), 0.951334973602262)
((0.5, 0.6, 0.0001, 100), 1.1005343515027108)
((0.5, 0.6, 0.001, 100), 0.9757370826564037)
((0.5, 0.7, 1e-14, 100), 1.2007064777466616)
((0.5, 0.7, 1e-11, 100), 1.200706470966627)
((0.5, 0.6, 1e-05, 100), 1.151442479052169)
((0.5, 0.7, 1e-07, 100), 1.2006386361792918)
((0.5, 0.7, 1e-06, 100), 1.2000301728900178)
((0.5, 0.7, 1e-08, 100), 1.200699691474312)
((0.5, 0.7, 1e-15, 100), 1.2007064777534286)
((0.5, 0.7, 1e-13, 100), 1.2007064776852654)
((0.5, 0.7, 1e-09, 100), 1.2007057991047208)
((0.5, 0.6, 0.1, 100), 1.0602983896400489)
((0.5, 0.7, 1e-05, 100), 1.194145167104233)
((0.5, 0.7, 1e-12, 100), 1.2007064770750528)
((0.5, 0.7, 0.001, 100), 1.0152660157307476)
((0.5, 0.7, 0.0001, 100), 1.1492351231384548)
((0.5, 0.7, 1e-10, 100), 1.2007064098884617)
((0.5, 0.7, 0.01, 100), 0.9542227886792378)
((0.5, 0.7, 0.1, 100), 1.0419778357840577)
((0.5, 0.8, 1e-15, 100), 1.2805668944144666)
((0.5, 0.8, 1e-14, 100), 1.2805668944081376)
((0.5, 0.8, 1e-13, 100), 1.2805668943342454)
((0.5, 0.8, 1e-12, 100), 1.2805668936009174)
((0.5, 0.8, 1e-11, 100), 1.2805668862449122)
((0.5, 0.8, 1e-10, 100), 1.2805668127210845)
((0.5, 0.8, 1e-09, 100), 1.2805660774812662)
((0.5, 0.8, 1e-08, 100), 1.2805587253572188)
((0.5, 0.8, 1e-07, 100), 1.2804852309622725)
((0.5, 0.8, 0.0001, 100), 1.2193011813447452)
((0.5, 0.8, 0.001, 100), 1.0598968230759507)
((0.5, 0.9, 1e-15, 100), 1.456585844803349)
((0.5, 0.8, 0.1, 100), 1.0371462572027117)
((0.5, 0.9, 1e-14, 100), 1.4565858447868232)
((0.5, 0.8, 1e-06, 100), 1.2797529588184713)
((0.5, 0.8, 1e-05, 100), 1.2726843676231756)
((0.5, 0.9, 1e-13, 100), 1.4565858446047635)
((0.5, 0.8, 0.01, 100), 0.9699545511738819)
((0.5, 0.9, 1e-12, 100), 1.4565858428009857)
((0.5, 0.9, 1e-10, 100), 1.4565856443536744)
((0.5, 0.9, 1e-09, 100), 1.4565838402886553)
((0.5, 0.9, 1e-11, 100), 1.456585824760417)
((0.5, 0.9, 0.001, 100), 1.1001782863580691)
((0.5, 0.9, 1e-08, 100), 1.4565658008530598)
((0.5, 0.9, 0.0001, 100), 1.3305070805064196)
((0.5, 0.9, 1e-06, 100), 1.454595033732056)
((0.5, 0.9, 0.01, 100), 0.996094422316318)
((0.5, 0.9, 0.1, 100), 1.0504803056568022)
((0.5, 0.9, 1e-05, 100), 1.4378053338098078)
((0.6, 0.1, 1e-15, 100), 1.1710729694808482)
((0.5, 0.9, 1e-07, 100), 1.4563855298584505)
((0.6, 0.1, 1e-13, 100), 1.1710729420418065)
((0.6, 0.1, 1e-14, 100), 1.1710729658313812)
((0.6, 0.1, 1e-12, 100), 1.1710726996224528)
((0.6, 0.1, 1e-10, 100), 1.1710460042744812)
((0.6, 0.1, 1e-11, 100), 1.1710702714101402)
((0.6, 0.1, 1e-09, 100), 1.1708037009990038)
((0.6, 0.1, 1e-08, 100), 1.1684175002572392)
((0.6, 0.1, 1e-07, 100), 1.1476456841298681)
((0.6, 0.1, 1e-06, 100), 1.0540084810137895)
((0.6, 0.1, 0.001, 100), 1.1686196301135567)
((0.6, 0.2, 1e-14, 100), 1.1038003482584888)
((0.6, 0.1, 0.0001, 100), 1.0525297330488954)
((0.6, 0.2, 1e-13, 100), 1.103800347242893)
((0.6, 0.2, 1e-12, 100), 1.1038003360931514)
((0.6, 0.1, 0.01, 100), 1.1685737895162849)
((0.6, 0.1, 1e-05, 100), 0.9609039908683419)
((0.6, 0.2, 1e-11, 100), 1.103800225496245)
((0.6, 0.2, 1e-15, 100), 1.1038003484367145)
((0.6, 0.1, 0.1, 100), 1.1475670883631746)
((0.6, 0.2, 1e-10, 100), 1.1037991192212373)
((0.6, 0.2, 1e-09, 100), 1.1037880573388072)
((0.6, 0.2, 1e-08, 100), 1.1036775236456673)
((0.6, 0.2, 1e-07, 100), 1.1025806410916061)
((0.6, 0.2, 1e-06, 100), 1.0923838167649425)
((0.6, 0.2, 1e-05, 100), 1.031462821941949)
((0.6, 0.2, 0.0001, 100), 0.9356751298374182)
((0.6, 0.2, 0.001, 100), 0.9982810578797896)
((0.6, 0.2, 0.01, 100), 1.1338282572731102)
((0.6, 0.2, 0.1, 100), 1.1528031040391773)
((0.6, 0.3, 1e-14, 100), 1.0606279537850394)
((0.6, 0.3, 1e-15, 100), 1.060627953809636)
((0.6, 0.3, 1e-12, 100), 1.0606279518611639)
((0.6, 0.3, 1e-11, 100), 1.0606279341860645)
((0.6, 0.3, 1e-08, 100), 1.0606083315210424)
((0.6, 0.3, 1e-13, 100), 1.0606279536177958)
((0.6, 0.3, 1e-09, 100), 1.0606259913361182)
((0.6, 0.3, 1e-07, 100), 1.0604319742663988)
((0.6, 0.3, 1e-10, 100), 1.0606277575668073)
((0.6, 0.3, 1e-05, 100), 1.0433303443474073)
((0.6, 0.3, 1e-06, 100), 1.0586921003242407)
((0.6, 0.3, 0.001, 100), 0.9209044202300966)
((0.6, 0.3, 0.1, 100), 1.1380177892331127)
((0.6, 0.4, 1e-15, 100), 1.037967101143623)
((0.6, 0.4, 1e-12, 100), 1.037967100548456)
((0.6, 0.3, 0.01, 100), 1.0386922325351509)
((0.6, 0.3, 0.0001, 100), 0.9721397741203077)
((0.6, 0.4, 1e-13, 100), 1.0379671010788993)
((0.6, 0.4, 1e-14, 100), 1.0379671011336602)
((0.6, 0.4, 1e-11, 100), 1.0379670952164595)
((0.6, 0.4, 1e-10, 100), 1.037967041861227)
((0.6, 0.4, 1e-09, 100), 1.0379665083680338)
((0.6, 0.4, 1e-07, 100), 1.037907850674851)
((0.6, 0.4, 1e-08, 100), 1.0379611736879766)
((0.6, 0.4, 1e-06, 100), 1.0373769903613943)
((0.6, 0.4, 1e-05, 100), 1.0322933381296642)
((0.6, 0.4, 0.0001, 100), 0.9963750810065599)
((0.6, 0.4, 0.001, 100), 0.9195677792583373)
((0.6, 0.5, 1e-14, 100), 1.034131781944392)
((0.6, 0.4, 0.1, 100), 1.1026202772492602)
((0.6, 0.4, 0.01, 100), 0.9651917575069191)
((0.6, 0.5, 1e-15, 100), 1.034131781945837)
((0.6, 0.5, 1e-13, 100), 1.0341317819179974)
((0.6, 0.5, 1e-11, 100), 1.0341317791668667)
((0.6, 0.5, 1e-12, 100), 1.0341317816677518)
((0.6, 0.5, 1e-07, 100), 1.0341039987655274)
((0.6, 0.5, 1e-08, 100), 1.0341290030851877)
((0.6, 0.5, 1e-10, 100), 1.0341317541563342)
((0.6, 0.5, 1e-05, 100), 1.0314118870583144)
((0.6, 0.5, 1e-09, 100), 1.0341315040560277)
((0.6, 0.5, 1e-06, 100), 1.0338544936624658)
((0.6, 0.5, 0.0001, 100), 1.0111752137115138)
((0.6, 0.5, 0.001, 100), 0.9395364434364379)
((0.6, 0.5, 0.01, 100), 0.9314906894325476)
((0.6, 0.5, 0.1, 100), 1.0614121748995355)
((0.6, 0.6, 1e-15, 100), 1.0497249514476337)
((0.6, 0.6, 1e-14, 100), 1.0497249514466374)
((0.6, 0.6, 1e-13, 100), 1.0497249514296663)
((0.6, 0.6, 1e-12, 100), 1.049724951260389)
((0.6, 0.6, 1e-11, 100), 1.049724949579061)
((0.6, 0.6, 1e-10, 100), 1.0497249327538738)
((0.6, 0.6, 1e-08, 100), 1.0497230820666559)
((0.6, 0.6, 1e-06, 100), 1.0495382751798243)
((0.6, 0.6, 1e-05, 100), 1.0478815939214603)
((0.6, 0.6, 1e-07, 100), 1.049706260013474)
((0.6, 0.6, 1e-09, 100), 1.0497247645064527)
((0.6, 0.6, 0.0001, 100), 1.0332966123134963)
((0.6, 0.6, 0.001, 100), 0.9669332176010004)
((0.6, 0.6, 0.01, 100), 0.924729861238165)
((0.6, 0.6, 0.1, 100), 1.0292025790057118)
((0.6, 0.7, 1e-15, 100), 1.0893942765575442)
((0.6, 0.7, 1e-14, 100), 1.0893942765559497)
((0.6, 0.7, 1e-12, 100), 1.0893942763791278)
((0.6, 0.7, 1e-08, 100), 1.0893924951550626)
((0.6, 0.7, 1e-06, 100), 1.0892163512133188)
((0.6, 0.7, 1e-13, 100), 1.0893942765403226)
((0.6, 0.7, 1e-09, 100), 1.0893940984157395)
((0.6, 0.7, 1e-10, 100), 1.0893942587435554)
((0.6, 0.7, 0.0001, 100), 1.073466580818171)
((0.6, 0.7, 1e-05, 100), 1.0876342620600439)
((0.6, 0.7, 1e-07, 100), 1.0893764644861226)
((0.6, 0.7, 1e-11, 100), 1.0893942747760006)
((0.6, 0.7, 0.001, 100), 1.0029468043957714)
((0.6, 0.7, 0.1, 100), 1.0122816950874713)
((0.6, 0.8, 1e-12, 100), 1.1671217936773022)
((0.6, 0.7, 0.01, 100), 0.9346245068674884)
((0.6, 0.8, 1e-15, 100), 1.1671217939342162)
((0.6, 0.8, 1e-14, 100), 1.167121793931946)
((0.6, 0.8, 1e-13, 100), 1.1671217939098617)
((0.6, 0.8, 1e-11, 100), 1.1671217913633232)
((0.6, 0.8, 1e-09, 100), 1.1671215368415022)
((0.6, 0.8, 1e-10, 100), 1.1671217682253139)
((0.6, 0.8, 1e-08, 100), 1.1671192230362888)
((0.6, 0.8, 1e-07, 100), 1.1670960883660404)
((0.6, 0.8, 1e-06, 100), 1.1668650791276964)
((0.6, 0.8, 0.0001, 100), 1.1445929672471677)
((0.6, 0.8, 1e-05, 100), 1.1645880691344548)
((0.6, 0.8, 0.01, 100), 0.9559638515258939)
((0.6, 0.8, 0.1, 100), 1.0119920208459896)
((0.6, 0.9, 1e-15, 100), 1.336515216465156)
((0.6, 0.8, 0.001, 100), 1.051102639404095)
((0.6, 0.9, 1e-14, 100), 1.3365152164586485)
((0.6, 0.9, 1e-13, 100), 1.336515216388403)
((0.6, 0.9, 1e-12, 100), 1.336515215693672)
((0.6, 0.9, 1e-11, 100), 1.3365152087438752)
((0.6, 0.9, 1e-09, 100), 1.3365144441787526)
((0.6, 0.9, 1e-10, 100), 1.3365151392381356)
((0.6, 0.9, 1e-08, 100), 1.336507493824915)
((0.6, 0.9, 1e-06, 100), 1.3357454069987065)
((0.6, 0.9, 1e-07, 100), 1.3364380124647557)
((0.6, 0.9, 1e-05, 100), 1.3290306368955618)
((0.6, 0.9, 0.0001, 100), 1.276806721348303)
((0.6, 0.9, 0.1, 100), 1.0312611259201518)
((0.6, 0.9, 0.001, 100), 1.1067176956171172)
((0.6, 0.9, 0.01, 100), 0.9866303893899264)
((0.7, 0.1, 1e-14, 100), 1.0654254649972215)
((0.7, 0.1, 1e-15, 100), 1.0654254652570194)
((0.7, 0.1, 1e-13, 100), 1.0654254632779065)
((0.7, 0.1, 1e-11, 100), 1.0654252578409775)
((0.7, 0.1, 1e-09, 100), 1.065404709638514)
((0.7, 0.1, 1e-10, 100), 1.065423389530801)
((0.7, 0.1, 1e-12, 100), 1.0654254445739175)
((0.7, 0.1, 1e-06, 100), 1.0482979235549723)
((0.7, 0.1, 1e-07, 100), 1.063393231831678)
((0.7, 0.1, 0.001, 100), 1.1757845757912953)
((0.7, 0.1, 1e-08, 100), 1.06521831092883)
((0.7, 0.1, 1e-05, 100), 0.9992889914331464)
((0.7, 0.1, 0.1, 100), 1.1537590739509207)
((0.7, 0.2, 1e-14, 100), 1.0073203628133187)
((0.7, 0.2, 1e-15, 100), 1.0073203628100773)
((0.7, 0.1, 0.0001, 100), 1.041912255329637)
((0.7, 0.2, 1e-13, 100), 1.0073203626966944)
((0.7, 0.2, 1e-10, 100), 1.0073202368515637)
((0.7, 0.2, 1e-09, 100), 1.0073191032465107)
((0.7, 0.2, 1e-11, 100), 1.0073203502306058)
((0.7, 0.1, 0.01, 100), 1.1852517684623873)
((0.7, 0.2, 1e-08, 100), 1.0073077686926415)
((0.7, 0.2, 1e-12, 100), 1.0073203615573703)
((0.7, 0.2, 1e-07, 100), 1.0071945793748438)
((0.7, 0.2, 0.001, 100), 0.9732573047339661)
((0.7, 0.2, 1e-05, 100), 0.9962523710196634)
((0.7, 0.2, 1e-06, 100), 1.0060780744354627)
((0.7, 0.2, 0.0001, 100), 0.9544644449732106)
((0.7, 0.3, 1e-15, 100), 0.9751371736124618)
((0.7, 0.2, 0.1, 100), 1.1600369684918843)
((0.7, 0.2, 0.01, 100), 1.1209567381482273)
((0.7, 0.3, 1e-14, 100), 0.9751371736135678)
((0.7, 0.3, 1e-13, 100), 0.9751371735927729)
((0.7, 0.3, 1e-12, 100), 0.9751371733635074)
((0.7, 0.3, 1e-11, 100), 0.9751371710960992)
((0.7, 0.3, 1e-10, 100), 0.975137148434027)
((0.7, 0.3, 1e-09, 100), 0.9751369218296023)
((0.7, 0.3, 1e-08, 100), 0.9751346557969593)
((0.7, 0.3, 1e-07, 100), 0.975112002217862)
((0.7, 0.3, 1e-06, 100), 0.9748861368114257)
((0.7, 0.3, 1e-05, 100), 0.97269245025251)
((0.7, 0.3, 0.001, 100), 0.9172532197121338)
((0.7, 0.3, 0.1, 100), 1.1314883069566153)
((0.7, 0.3, 0.0001, 100), 0.9557155221767987)
((0.7, 0.3, 0.01, 100), 1.0003139417521383)
((0.7, 0.4, 1e-15, 100), 0.9581481842321029)
((0.7, 0.4, 1e-14, 100), 0.958148184231393)
((0.7, 0.4, 1e-13, 100), 0.9581481842222714)
((0.7, 0.4, 1e-12, 100), 0.9581481841413121)
((0.7, 0.4, 1e-11, 100), 0.9581481833302146)
((0.7, 0.4, 1e-10, 100), 0.958148175217695)
((0.7, 0.4, 1e-08, 100), 0.9581472827553992)
((0.7, 0.4, 1e-09, 100), 0.9581480940842908)
((0.7, 0.4, 1e-07, 100), 0.9581391704036817)
((0.7, 0.4, 1e-05, 100), 0.9572568322450289)
((0.7, 0.4, 1e-06, 100), 0.9580581381167708)
((0.7, 0.4, 0.001, 100), 0.9162322391285525)
((0.7, 0.4, 0.01, 100), 0.930498434148153)
((0.7, 0.4, 0.0001, 100), 0.9500496613323172)
((0.7, 0.4, 0.1, 100), 1.078090416533945)
((0.7, 0.5, 1e-12, 100), 0.955361229892179)
((0.7, 0.5, 1e-14, 100), 0.9553612299415135)
((0.7, 0.5, 1e-15, 100), 0.9553612299409695)
((0.7, 0.5, 1e-09, 100), 0.9553611805513732)
((0.7, 0.5, 1e-13, 100), 0.9553612299363824)
((0.7, 0.5, 1e-11, 100), 0.9553612294473492)
((0.7, 0.5, 1e-10, 100), 0.9553612250028776)
((0.7, 0.5, 1e-06, 100), 0.9553118713476841)
((0.7, 0.5, 1e-08, 100), 0.9553607360491381)
((0.7, 0.5, 1e-05, 100), 0.9548704113529108)
((0.7, 0.5, 0.001, 100), 0.9248621269804156)
((0.7, 0.5, 0.0001, 100), 0.9507126204841916)
((0.7, 0.5, 0.01, 100), 0.9058806254374907)
((0.7, 0.6, 1e-15, 100), 0.9688949094738284)
((0.7, 0.5, 1e-07, 100), 0.9553562912962986)
((0.7, 0.5, 0.1, 100), 1.0271186396940435)
((0.7, 0.6, 1e-14, 100), 0.9688949094735249)
((0.7, 0.6, 1e-13, 100), 0.9688949094699192)
((0.7, 0.6, 1e-12, 100), 0.9688949094344477)
((0.7, 0.6, 1e-10, 100), 0.9688949055343199)
((0.7, 0.6, 1e-11, 100), 0.9688949090800809)
((0.7, 0.6, 1e-08, 100), 0.9688945155365497)
((0.7, 0.6, 1e-07, 100), 0.9688909702659124)
((0.7, 0.6, 1e-09, 100), 0.9688948700801552)
((0.7, 0.6, 1e-06, 100), 0.9688555337871291)
((0.7, 0.6, 0.0001, 100), 0.965128875666639)
((0.7, 0.6, 1e-05, 100), 0.9685027835626983)
((0.7, 0.6, 0.001, 100), 0.9417202441211978)
((0.7, 0.6, 0.01, 100), 0.9053143251549269)
((0.7, 0.6, 0.1, 100), 0.9939778247082659)
((0.7, 0.7, 1e-15, 100), 1.0045692809557627)
((0.7, 0.7, 1e-14, 100), 1.0045692809553735)
((0.7, 0.7, 1e-12, 100), 1.0045692809099784)
((0.7, 0.7, 1e-11, 100), 1.0045692804985604)
((0.7, 0.7, 1e-10, 100), 1.0045692763822869)
((0.7, 0.7, 1e-13, 100), 1.0045692809511466)
((0.7, 0.7, 1e-08, 100), 1.0045688235611454)
((0.7, 0.7, 1e-07, 100), 1.0045647071911938)
((0.7, 0.7, 1e-06, 100), 1.0045235618582833)
((0.7, 0.7, 1e-09, 100), 1.0045692352161777)
((0.7, 0.7, 1e-05, 100), 1.0041139353202868)
((0.7, 0.7, 0.0001, 100), 1.0001911410493949)
((0.7, 0.7, 0.001, 100), 0.9725419568782534)
((0.7, 0.7, 0.1, 100), 0.9808829982130008)
((0.7, 0.7, 0.01, 100), 0.9192665936134364)
((0.7, 0.8, 1e-14, 100), 1.07744732478989)
((0.7, 0.8, 1e-15, 100), 1.0774473247902918)
((0.7, 0.8, 1e-12, 100), 1.0774473247079133)
((0.7, 0.8, 1e-10, 100), 1.077447316512456)
((0.7, 0.8, 1e-11, 100), 1.0774473239628743)
((0.7, 0.8, 1e-09, 100), 1.0774472420099144)
((0.7, 0.8, 1e-07, 100), 1.0774390472163013)
((0.7, 0.8, 1e-13, 100), 1.0774473247819112)
((0.7, 0.8, 1e-08, 100), 1.0774464969863664)
((0.7, 0.8, 0.001, 100), 1.0245007741386138)
((0.7, 0.8, 1e-06, 100), 1.0773645954544806)
((0.7, 0.8, 0.1, 100), 0.9865615499641238)
((0.7, 0.8, 0.0001, 100), 1.0696472693663277)
((0.7, 0.8, 0.01, 100), 0.944653930008856)
((0.7, 0.9, 1e-15, 100), 1.2399273954967287)
((0.7, 0.8, 1e-05, 100), 1.0766246352889004)
((0.7, 0.9, 1e-14, 100), 1.2399273954947614)
((0.7, 0.9, 1e-13, 100), 1.2399273954651238)
((0.7, 0.9, 1e-10, 100), 1.2399273636152415)
((0.7, 0.9, 1e-11, 100), 1.2399273923079286)
((0.7, 0.9, 1e-12, 100), 1.2399273951783847)
((0.7, 0.9, 1e-09, 100), 1.2399270766875519)
((0.7, 0.9, 1e-08, 100), 1.2399242074468704)
((0.7, 0.9, 1e-07, 100), 1.2398955196053947)
((0.7, 0.9, 1e-06, 100), 1.2396090970231115)
((0.7, 0.9, 0.001, 100), 1.1002508802196889)
((0.7, 0.9, 0.0001, 100), 1.2122650127347123)
((0.7, 0.9, 0.1, 100), 1.0131546985177948)
((0.7, 0.9, 0.01, 100), 0.9791082760517108)
((0.7, 0.9, 1e-05, 100), 1.2367894508486246)
((0.8, 0.1, 1e-15, 100), 1.0951841595276828)
((0.8, 0.1, 1e-14, 100), 1.0951841595165226)
((0.8, 0.1, 1e-13, 100), 1.0951841594630083)
((0.8, 0.1, 1e-12, 100), 1.0951841589418791)
((0.8, 0.1, 1e-11, 100), 1.095184153805053)
((0.8, 0.1, 1e-10, 100), 1.0951841022147906)
((0.8, 0.1, 1e-09, 100), 1.095183585979339)
((0.8, 0.1, 1e-08, 100), 1.095178426610118)
((0.8, 0.1, 1e-07, 100), 1.0951270559985509)
((0.8, 0.1, 1e-06, 100), 1.0946351309672406)
((0.8, 0.1, 1e-05, 100), 1.0914487359264977)
((0.8, 0.1, 0.0001, 100), 1.1060737375696061)
((0.8, 0.1, 0.01, 100), 1.2224332428338385)
((0.8, 0.1, 0.001, 100), 1.2105214480309132)
((0.8, 0.1, 0.1, 100), 1.169267189450009)
((0.8, 0.2, 1e-15, 100), 0.9992511648608371)
((0.8, 0.2, 1e-14, 100), 0.9992511648607323)
((0.8, 0.2, 1e-13, 100), 0.999251164858374)
((0.8, 0.2, 1e-11, 100), 0.9992511644251261)
((0.8, 0.2, 1e-12, 100), 0.9992511648198745)
((0.8, 0.2, 1e-09, 100), 0.9992511215810991)
((0.8, 0.2, 1e-10, 100), 0.9992511605304278)
((0.8, 0.2, 1e-07, 100), 0.9992468383875321)
((0.8, 0.2, 1e-08, 100), 0.9992507320849271)
((0.8, 0.2, 1e-06, 100), 0.9992080300538623)
((0.8, 0.2, 1e-05, 100), 0.9988325638859941)
((0.8, 0.2, 0.0001, 100), 0.9961345838668094)
((0.8, 0.2, 0.001, 100), 1.0043734082656977)
((0.8, 0.2, 0.1, 100), 1.1749321339511574)
((0.8, 0.2, 0.01, 100), 1.114511554369745)
((0.8, 0.3, 1e-15, 100), 0.9486573588879178)
((0.8, 0.3, 1e-13, 100), 0.9486573588866616)
((0.8, 0.3, 1e-14, 100), 0.9486573588882248)
((0.8, 0.3, 1e-12, 100), 0.948657358876158)
((0.8, 0.3, 1e-11, 100), 0.9486573587616588)
((0.8, 0.3, 1e-08, 100), 0.9486572328253455)
((0.8, 0.3, 1e-09, 100), 0.948657346282274)
((0.8, 0.3, 1e-10, 100), 0.9486573576275203)
((0.8, 0.3, 1e-07, 100), 0.9486560983536819)
((0.8, 0.3, 1e-06, 100), 0.9486447628933672)
((0.8, 0.3, 1e-05, 100), 0.9485323290813328)
((0.8, 0.3, 0.0001, 100), 0.9474956079046019)
((0.8, 0.3, 0.001, 100), 0.9429491432466461)
((0.8, 0.3, 0.01, 100), 0.9840748060377725)
((0.8, 0.3, 0.1, 100), 1.1208720802266128)
((0.8, 0.4, 1e-15, 100), 0.919822349719758)
((0.8, 0.4, 1e-14, 100), 0.91982234971962)
((0.8, 0.4, 1e-13, 100), 0.919822349718973)
((0.8, 0.4, 1e-11, 100), 0.919822349651336)
((0.8, 0.4, 1e-12, 100), 0.9198223497128559)
((0.8, 0.4, 1e-09, 100), 0.919822342904016)
((0.8, 0.4, 1e-10, 100), 0.9198223490379993)
((0.8, 0.4, 1e-08, 100), 0.9198222815604729)
((0.8, 0.4, 1e-07, 100), 0.9198216681528001)
((0.8, 0.4, 1e-06, 100), 0.9198155361807998)
((0.8, 0.4, 1e-05, 100), 0.919754426641178)
((0.8, 0.4, 0.001, 100), 0.9149212359668649)
((0.8, 0.4, 0.0001, 100), 0.9191638630913035)
((0.8, 0.4, 0.1, 100), 1.0463098895020564)
((0.8, 0.5, 1e-15, 100), 0.9082658267943222)
((0.8, 0.4, 0.01, 100), 0.9221159646183338)
((0.8, 0.5, 1e-14, 100), 0.9082658267942548)
((0.8, 0.5, 1e-11, 100), 0.9082658267385358)
((0.8, 0.5, 1e-13, 100), 0.9082658267938003)
((0.8, 0.5, 1e-12, 100), 0.9082658267889722)
((0.8, 0.5, 1e-10, 100), 0.9082658262353067)
((0.8, 0.5, 1e-09, 100), 0.9082658212028626)
((0.8, 0.5, 1e-08, 100), 0.9082657708783227)
((0.8, 0.5, 1e-05, 100), 0.9082100254928281)
((0.8, 0.5, 1e-06, 100), 0.9082602363271223)
((0.8, 0.5, 1e-07, 100), 0.908265267644252)
((0.8, 0.5, 0.0001, 100), 0.9077179890798845)
((0.8, 0.5, 0.001, 100), 0.903666864468162)
((0.8, 0.5, 0.1, 100), 0.9892955933922469)
((0.8, 0.6, 1e-14, 100), 0.9141785632657966)
((0.8, 0.6, 1e-12, 100), 0.9141785632594551)
((0.8, 0.6, 1e-15, 100), 0.9141785632659776)
((0.8, 0.6, 1e-13, 100), 0.9141785632652011)
((0.8, 0.5, 0.01, 100), 0.8974672249630584)
((0.8, 0.6, 1e-11, 100), 0.9141785632012503)
((0.8, 0.6, 1e-10, 100), 0.9141785626186119)
((0.8, 0.6, 1e-09, 100), 0.9141785567930937)
((0.8, 0.6, 1e-06, 100), 0.9141720914991234)
((0.8, 0.6, 1e-07, 100), 0.9141779159940769)
((0.8, 0.6, 0.0001, 100), 0.9135417031827708)
((0.8, 0.6, 1e-08, 100), 0.9141784985378637)
((0.8, 0.6, 0.001, 100), 0.9086284916743361)
((0.8, 0.6, 1e-05, 100), 0.9141139406310611)
((0.8, 0.6, 0.01, 100), 0.8935886893588577)
((0.8, 0.7, 1e-15, 100), 0.9421830034093539)
((0.8, 0.6, 0.1, 100), 0.9581381697387302)
((0.8, 0.7, 1e-13, 100), 0.9421830034081446)
((0.8, 0.7, 1e-14, 100), 0.9421830034092536)
((0.8, 0.7, 1e-12, 100), 0.9421830033989014)
((0.8, 0.7, 1e-10, 100), 0.9421830023571521)
((0.8, 0.7, 1e-11, 100), 0.9421830033042735)
((0.8, 0.7, 1e-09, 100), 0.9421829928881232)
((0.8, 0.7, 1e-08, 100), 0.942182898196033)
((0.8, 0.7, 1e-07, 100), 0.9421819512935625)
((0.8, 0.7, 1e-06, 100), 0.9421724839075212)
((0.8, 0.7, 1e-05, 100), 0.9420779737739441)
((0.8, 0.7, 0.0001, 100), 0.9411489509624594)
((0.8, 0.7, 0.001, 100), 0.933222462501383)
((0.8, 0.7, 0.01, 100), 0.9058391622321935)
((0.8, 0.7, 0.1, 100), 0.9497827723691087)
((0.8, 0.8, 1e-14, 100), 1.0068026721604426)
((0.8, 0.8, 1e-12, 100), 1.0068026721344379)
((0.8, 0.8, 1e-15, 100), 1.0068026721605108)
((0.8, 0.8, 1e-13, 100), 1.0068026721579373)
((0.8, 0.8, 1e-11, 100), 1.0068026718999454)
((0.8, 0.8, 1e-10, 100), 1.0068026695560541)
((0.8, 0.8, 1e-09, 100), 1.006802646117311)
((0.8, 0.8, 1e-08, 100), 1.006802411729785)
((0.8, 0.8, 1e-07, 100), 1.0068000679167208)
((0.8, 0.8, 1e-06, 100), 1.0067766361373058)
((0.8, 0.8, 0.0001, 100), 1.0042673874250005)
((0.8, 0.8, 0.001, 100), 0.9861822990093305)
((0.8, 0.8, 0.01, 100), 0.933259620271374)
((0.8, 0.8, 1e-05, 100), 1.0065429512986217)
((0.8, 0.9, 1e-14, 100), 1.1603322208932823)
((0.8, 0.9, 1e-15, 100), 1.160332220894496)
((0.8, 0.8, 0.1, 100), 0.9614146563200456)
((0.8, 0.9, 1e-13, 100), 1.1603322208810618)
((0.8, 0.9, 1e-12, 100), 1.1603322207580518)
((0.8, 0.9, 1e-10, 100), 1.1603322072526903)
((0.8, 0.9, 1e-11, 100), 1.1603322195306938)
((0.8, 0.9, 1e-09, 100), 1.160332084471055)
((0.8, 0.9, 1e-08, 100), 1.1603308566653199)
((0.8, 0.9, 1e-07, 100), 1.16031857962505)
((0.8, 0.9, 1e-06, 100), 1.1601959107109887)
((0.8, 0.9, 0.0001, 100), 1.1477151244381478)
((0.8, 0.9, 0.001, 100), 1.0809414861381994)
((0.8, 0.9, 1e-05, 100), 1.1589792546393638)
((0.8, 0.9, 0.01, 100), 0.9728559863592897)
((0.9, 0.1, 1e-15, 100), 1.4423064099696845)
((0.8, 0.9, 0.1, 100), 0.99547516518773)
((0.9, 0.1, 1e-14, 100), 1.442306409966345)
((0.9, 0.1, 1e-13, 100), 1.4423064099698004)
((0.9, 0.1, 1e-12, 100), 1.442306409956252)
((0.9, 0.1, 1e-11, 100), 1.442306409873648)
((0.9, 0.1, 1e-10, 100), 1.442306409039603)
((0.9, 0.1, 1e-09, 100), 1.4423064006942758)
((0.9, 0.1, 1e-07, 100), 1.4423054831370563)
((0.9, 0.1, 1e-08, 100), 1.4423063172732071)
((0.9, 0.1, 0.0001, 100), 1.4414931893266236)
((0.9, 0.1, 0.001, 100), 1.4358057740010486)
((0.9, 0.1, 0.01, 100), 1.369692785442608)
((0.9, 0.1, 1e-06, 100), 1.4422971543816316)
((0.9, 0.1, 1e-05, 100), 1.4422150984757223)
((0.9, 0.1, 0.1, 100), 1.2318360333624285)
((0.9, 0.2, 1e-15, 100), 1.1847349411834371)
((0.9, 0.2, 1e-14, 100), 1.1847349411835477)
((0.9, 0.2, 1e-13, 100), 1.1847349411832766)
((0.9, 0.2, 1e-12, 100), 1.1847349411861887)
((0.9, 0.2, 1e-11, 100), 1.184734941210381)
((0.9, 0.2, 1e-09, 100), 1.1847349438857182)
((0.9, 0.2, 1e-10, 100), 1.1847349414532498)
((0.9, 0.2, 1e-08, 100), 1.1847349682033355)
((0.9, 0.2, 1e-07, 100), 1.1847352113783944)
((0.9, 0.2, 1e-06, 100), 1.184737643171816)
((0.9, 0.2, 1e-05, 100), 1.1847619651300492)
((0.9, 0.2, 0.0001, 100), 1.1850055642648616)
((0.9, 0.2, 0.001, 100), 1.1874601279598171)
((0.9, 0.2, 0.1, 100), 1.2297861253534574)
((0.9, 0.2, 0.01, 100), 1.2077451294950776)
((0.9, 0.3, 1e-14, 100), 1.0524280889473239)
((0.9, 0.3, 1e-15, 100), 1.0524280889472781)
((0.9, 0.3, 1e-13, 100), 1.0524280889472428)
((0.9, 0.3, 1e-12, 100), 1.052428088948454)
((0.9, 0.3, 1e-11, 100), 1.0524280889603523)
((0.9, 0.3, 1e-10, 100), 1.0524280890776803)
((0.9, 0.3, 1e-08, 100), 1.0524281020146367)
((0.9, 0.3, 1e-09, 100), 1.0524280902538494)
((0.9, 0.3, 1e-06, 100), 1.0524293956932032)
((0.9, 0.3, 1e-07, 100), 1.0524282196208194)
((0.9, 0.3, 0.0001, 100), 1.0525588732812554)
((0.9, 0.3, 1e-05, 100), 1.0524411574161374)
((0.9, 0.3, 0.001, 100), 1.0537446722050048)
((0.9, 0.4, 1e-15, 100), 0.9676632519482089)
((0.9, 0.4, 1e-14, 100), 0.9676632519482462)
((0.9, 0.3, 0.01, 100), 1.0657040527540422)
((0.9, 0.4, 1e-11, 100), 0.967663251955402)
((0.9, 0.3, 0.1, 100), 1.1309625089904016)
((0.9, 0.4, 1e-10, 100), 0.967663252019776)
((0.9, 0.4, 1e-13, 100), 0.9676632519482913)
((0.9, 0.4, 1e-09, 100), 0.9676632526641008)
((0.9, 0.4, 1e-12, 100), 0.9676632519490596)
((0.9, 0.4, 1e-07, 100), 0.9676633235306449)
((0.9, 0.4, 1e-08, 100), 0.9676632591064521)
((0.9, 0.4, 1e-06, 100), 0.9676639677833799)
((0.9, 0.4, 0.0001, 100), 0.967734945272948)
((0.9, 0.4, 1e-05, 100), 0.9676704113020206)
((0.9, 0.4, 0.001, 100), 0.9683896846835724)
((0.9, 0.4, 0.01, 100), 0.9755236759510357)
((0.9, 0.4, 0.1, 100), 1.0360694841179574)
((0.9, 0.5, 1e-14, 100), 0.91549256043793)
((0.9, 0.5, 1e-13, 100), 0.9154925604379971)
((0.9, 0.5, 1e-12, 100), 0.9154925604382201)
((0.9, 0.5, 1e-15, 100), 0.9154925604379386)
((0.9, 0.5, 1e-11, 100), 0.9154925604409865)
((0.9, 0.5, 1e-09, 100), 0.9154925607404024)
((0.9, 0.5, 1e-10, 100), 0.9154925604682017)
((0.9, 0.5, 1e-08, 100), 0.9154925634626988)
((0.9, 0.5, 1e-07, 100), 0.9154925906854651)
((0.9, 0.5, 1e-06, 100), 0.915492862927848)
((0.9, 0.5, 1e-05, 100), 0.9154955868852619)
((0.9, 0.5, 0.0001, 100), 0.9155229791523711)
((0.9, 0.5, 0.001, 100), 0.9158116318301748)
((0.9, 0.5, 0.01, 100), 0.919763052994124)
((0.9, 0.5, 0.1, 100), 0.9706031988641005)
((0.9, 0.6, 1e-15, 100), 0.8932365868203445)
((0.9, 0.6, 1e-14, 100), 0.893236586820376)
((0.9, 0.6, 1e-12, 100), 0.8932365868201148)
((0.9, 0.6, 1e-11, 100), 0.8932365868174916)
((0.9, 0.6, 1e-13, 100), 0.893236586820308)
((0.9, 0.6, 1e-10, 100), 0.8932365867923977)
((0.9, 0.6, 1e-09, 100), 0.8932365865405604)
((0.9, 0.6, 1e-08, 100), 0.8932365840222636)
((0.9, 0.6, 1e-07, 100), 0.8932365588400488)
((0.9, 0.6, 1e-06, 100), 0.893236307052302)
((0.9, 0.6, 1e-05, 100), 0.8932337926133254)
((0.9, 0.6, 0.0001, 100), 0.8932089907375425)
((0.9, 0.6, 0.001, 100), 0.8929939048050113)
((0.9, 0.6, 0.1, 100), 0.9343083303780532)
((0.9, 0.6, 0.01, 100), 0.8931926531028027)
((0.9, 0.7, 1e-15, 100), 0.902312040988218)
((0.9, 0.7, 1e-14, 100), 0.9023120409882995)
((0.9, 0.7, 1e-13, 100), 0.9023120409880478)
((0.9, 0.7, 1e-11, 100), 0.9023120409711064)
((0.9, 0.7, 1e-12, 100), 0.9023120409865635)
((0.9, 0.7, 1e-10, 100), 0.9023120408163718)
((0.9, 0.7, 0.001, 100), 0.9007217080754504)
((0.9, 0.7, 1e-07, 100), 0.9023118691282365)
((0.9, 0.7, 1e-05, 100), 0.9022948684526977)
((0.9, 0.7, 1e-09, 100), 0.9023120392696168)
((0.9, 0.7, 0.0001, 100), 0.9021415324779894)
((0.9, 0.7, 1e-08, 100), 0.9023120238021096)
((0.9, 0.7, 1e-06, 100), 0.9023103225105025)
((0.9, 0.7, 0.1, 100), 0.9242576309847287)
((0.9, 0.7, 0.01, 100), 0.8936624174146657)
((0.9, 0.8, 1e-14, 100), 0.9528595390720094)
((0.9, 0.8, 1e-13, 100), 0.9528595390712755)
((0.9, 0.8, 1e-11, 100), 0.9528595389964988)
((0.9, 0.8, 1e-15, 100), 0.9528595390720493)
((0.9, 0.8, 1e-12, 100), 0.9528595390645291)
((0.9, 0.8, 1e-10, 100), 0.9528595383168019)
((0.9, 0.8, 1e-09, 100), 0.9528595315199244)
((0.9, 0.8, 1e-08, 100), 0.9528594635509032)
((0.9, 0.8, 1e-07, 100), 0.9528587838690752)
((0.9, 0.8, 1e-06, 100), 0.952851987895626)
((0.9, 0.8, 1e-05, 100), 0.9527841124629083)
((0.9, 0.8, 0.0001, 100), 0.9521136757592108)
((0.9, 0.8, 0.001, 100), 0.9461435650228287)
((0.9, 0.8, 0.01, 100), 0.9196854248388545)
((0.9, 0.8, 0.1, 100), 0.9381511433240316)
((0.9, 0.9, 1e-15, 100), 1.0939393702863112)
((0.9, 0.9, 1e-14, 100), 1.0939393702853912)
((0.9, 0.9, 1e-13, 100), 1.0939393702804106)
((0.9, 0.9, 1e-12, 100), 1.0939393702271112)
((0.9, 0.9, 1e-11, 100), 1.0939393696951352)
((0.9, 0.9, 1e-09, 100), 1.0939393111801192)
((0.9, 0.9, 1e-10, 100), 1.0939393643754112)
((0.9, 0.9, 1e-08, 100), 1.0939387792304678)
((0.9, 0.9, 1e-07, 100), 1.093933459970336)
((0.9, 0.9, 1e-05, 100), 1.0933509392760823)
((0.9, 0.9, 1e-06, 100), 1.0938802908942251)
((0.9, 0.9, 0.0001, 100), 1.0882783728782095)
((0.9, 0.9, 0.001, 100), 1.0519607423762132)
((0.9, 0.9, 0.01, 100), 0.9662072494599366)
((0.9, 0.9, 0.1, 100), 0.9781687112011671)
--------------------------------------------------------------------------------
Cross validation total time taken: 118.15115642547607 seconds.