((0.1, 0.1, 1e-15, 1000), 1978955720687.4438)
((0.1, 0.1, 1e-14, 1000), 85730924308.81747)
((0.1, 0.1, 1e-13, 1000), 4.848000981560207)
((0.1, 0.1, 1e-12, 1000), 7.124224807448641)
((0.1, 0.1, 1e-11, 1000), 18.7460469189787)
((0.1, 0.1, 1e-10, 1000), 97.68540272764866)
((0.1, 0.1, 1e-09, 1000), 5.7929182365309275)
((0.1, 0.1, 1e-08, 1000), 5.615297072858432)
((0.1, 0.1, 1e-07, 1000), 6.629243228212115)
((0.1, 0.1, 1e-06, 1000), 7.187205636680609)
((0.1, 0.1, 1e-05, 1000), 5.759734510333778)
((0.1, 0.1, 0.0001, 1000), 6.004887540149646)
((0.1, 0.1, 0.001, 1000), 6.961326046154765)
((0.1, 0.1, 0.01, 1000), 7.063244373638144)
((0.1, 0.1, 0.1, 1000), 7.07349160923096)
((0.1, 0.2, 1e-15, 1000), 229406386999.71356)
((0.1, 0.2, 1e-14, 1000), 588896660918.0236)
((0.1, 0.2, 1e-13, 1000), 3.902991063226785)
((0.1, 0.2, 1e-12, 1000), 3.531052495474082)
((0.1, 0.2, 1e-11, 1000), 7.042662076746982)
((0.1, 0.2, 1e-10, 1000), 9.91664877075766)
((0.1, 0.2, 1e-09, 1000), 4.836172389547559)
((0.1, 0.2, 1e-08, 1000), 6.077925575868279)
((0.1, 0.2, 1e-07, 1000), 7.398231025245807)
((0.1, 0.2, 1e-06, 1000), 7.347907115250125)
((0.1, 0.2, 1e-05, 1000), 6.963037490282954)
((0.1, 0.2, 0.0001, 1000), 4.7234708902966)
((0.1, 0.2, 0.001, 1000), 6.883102663997989)
((0.1, 0.2, 0.01, 1000), 7.067651211623804)
((0.1, 0.2, 0.1, 1000), 7.07412497791668)
((0.1, 0.3, 1e-15, 1000), 61063029135.814766)
((0.1, 0.3, 1e-14, 1000), 985883462805.0381)
((0.1, 0.3, 1e-13, 1000), 3.0465610967699885)
((0.1, 0.3, 1e-12, 1000), 3.347628429554986)
((0.1, 0.3, 1e-11, 1000), 3.5856315231922604)
((0.1, 0.3, 1e-10, 1000), 6.095271208692369)
((0.1, 0.3, 1e-09, 1000), 9.197350679049798)
((0.1, 0.3, 1e-08, 1000), 5.926812623468341)
((0.1, 0.3, 1e-07, 1000), 7.587476539914259)
((0.1, 0.3, 1e-06, 1000), 7.572196062790877)
((0.1, 0.3, 1e-05, 1000), 7.438302844376662)
((0.1, 0.3, 0.0001, 1000), 5.576886610141646)
((0.1, 0.3, 0.001, 1000), 6.702435405563504)
((0.1, 0.3, 0.01, 1000), 7.160023703578954)
((0.1, 0.3, 0.1, 1000), 7.087487170096782)
((0.1, 0.4, 1e-15, 1000), 43281256735.785545)
((0.1, 0.4, 1e-14, 1000), 301668943368.5338)
((0.1, 0.4, 1e-13, 1000), 541077982.3039283)
((0.1, 0.4, 1e-12, 1000), 2.936455988471385)
((0.1, 0.4, 1e-11, 1000), 3.1949730326013537)
((0.1, 0.4, 1e-10, 1000), 3.548099636261475)
((0.1, 0.4, 1e-09, 1000), 6.228420007610607)
((0.1, 0.4, 1e-08, 1000), 5.6720014923402475)
((0.1, 0.4, 1e-07, 1000), 7.529837170765871)
((0.1, 0.4, 1e-06, 1000), 7.610320607601294)
((0.1, 0.4, 1e-05, 1000), 7.707826499526304)
((0.1, 0.4, 0.0001, 1000), 6.420541076112977)
((0.1, 0.4, 0.001, 1000), 6.2680811142837225)
((0.1, 0.4, 0.01, 1000), 7.30874070586058)
((0.1, 0.4, 0.1, 1000), 7.12646371539777)
((0.1, 0.5, 1e-15, 1000), 123392147725.88242)
((0.1, 0.5, 1e-14, 1000), 611156762527.7963)
((0.1, 0.5, 1e-13, 1000), 117478936.68142018)
((0.1, 0.5, 1e-12, 1000), 2.871672551828282)
((0.1, 0.5, 1e-11, 1000), 2.9247754006936053)
((0.1, 0.5, 1e-10, 1000), 3.2278352908530246)
((0.1, 0.5, 1e-09, 1000), 3.9092404326129806)
((0.1, 0.5, 1e-08, 1000), 5.505817355314878)
((0.1, 0.5, 1e-07, 1000), 7.497654350860245)
((0.1, 0.5, 1e-06, 1000), 7.582292811429024)
((0.1, 0.5, 1e-05, 1000), 7.794458999868704)
((0.1, 0.5, 0.0001, 1000), 6.854823748634746)
((0.1, 0.5, 0.001, 1000), 5.860490556349188)
((0.1, 0.5, 0.01, 1000), 7.400283504504511)
((0.1, 0.5, 0.1, 1000), 7.1957083123949745)
((0.1, 0.6, 1e-15, 1000), 23376048891.88932)
((0.1, 0.6, 1e-14, 1000), 244690539510.71173)
((0.1, 0.6, 1e-13, 1000), 204144013.44881392)
((0.1, 0.6, 1e-12, 1000), 2.891421145112781)
((0.1, 0.6, 1e-11, 1000), 2.8813905932622537)
((0.1, 0.6, 1e-10, 1000), 3.0179750778064984)
((0.1, 0.6, 1e-09, 1000), 3.6185001652685678)
((0.1, 0.6, 1e-08, 1000), 5.4060009004073235)
((0.1, 0.6, 1e-07, 1000), 7.513108604338748)
((0.1, 0.6, 1e-06, 1000), 7.587252903045239)
((0.1, 0.6, 1e-05, 1000), 7.76300095481)
((0.1, 0.6, 0.0001, 1000), 7.169698481358342)
((0.1, 0.6, 0.001, 1000), 5.527115253382724)
((0.1, 0.6, 0.01, 1000), 7.410740083539364)
((0.1, 0.6, 0.1, 1000), 7.281598524577047)
((0.1, 0.7, 1e-15, 1000), 133502039612.09311)
((0.1, 0.7, 1e-14, 1000), 463584114769.85614)
((0.1, 0.7, 1e-13, 1000), 1713293493.9933732)
((0.1, 0.7, 1e-12, 1000), 2.9151539007290204)
((0.1, 0.7, 1e-11, 1000), 2.851290478318555)
((0.1, 0.7, 1e-10, 1000), 3.01283606254106)
((0.1, 0.7, 1e-09, 1000), 3.523138137419269)
((0.1, 0.7, 1e-08, 1000), 5.228322690540298)
((0.1, 0.7, 1e-07, 1000), 7.549686803439792)
((0.1, 0.7, 1e-06, 1000), 7.573289656393639)
((0.1, 0.7, 1e-05, 1000), 7.69577688476109)
((0.1, 0.7, 0.0001, 1000), 7.2999320242330725)
((0.1, 0.7, 0.001, 1000), 5.095297034426223)
((0.1, 0.7, 0.01, 1000), 7.393608321589255)
((0.1, 0.7, 0.1, 1000), 7.357837627965987)
((0.1, 0.8, 1e-15, 1000), 14478591656.592793)
((0.1, 0.8, 1e-14, 1000), 15872565629.936932)
((0.1, 0.8, 1e-13, 1000), 196252093.41792333)
((0.1, 0.8, 1e-12, 1000), 10471726.021261469)
((0.1, 0.8, 1e-11, 1000), 2.775913073746437)
((0.1, 0.8, 1e-10, 1000), 3.0230401163819978)
((0.1, 0.8, 1e-09, 1000), 3.656446108343869)
((0.1, 0.8, 1e-08, 1000), 5.18883433897546)
((0.1, 0.8, 1e-07, 1000), 7.59529315602847)
((0.1, 0.8, 1e-06, 1000), 7.502364430774211)
((0.1, 0.8, 1e-05, 1000), 7.66296469178555)
((0.1, 0.8, 0.0001, 1000), 7.218570772027177)
((0.1, 0.8, 0.001, 1000), 5.941502048581669)
((0.1, 0.8, 0.01, 1000), 7.403114288668567)
((0.1, 0.8, 0.1, 1000), 7.40209524304017)
((0.1, 0.9, 1e-15, 1000), 1153186536053.5605)
((0.1, 0.9, 1e-14, 1000), 243932446465.10593)
((0.1, 0.9, 1e-13, 1000), 3.939569586913662)
((0.1, 0.9, 1e-12, 1000), 14371057.960987778)
((0.1, 0.9, 1e-11, 1000), 407304.53846772754)
((0.1, 0.9, 1e-10, 1000), 3.151698141775296)
((0.1, 0.9, 1e-09, 1000), 4.399407092204557)
((0.1, 0.9, 1e-08, 1000), 6.4330532742424795)
((0.1, 0.9, 1e-07, 1000), 7.634743030992476)
((0.1, 0.9, 1e-06, 1000), 7.4526481534448585)
((0.1, 0.9, 1e-05, 1000), 7.598865555248739)
((0.1, 0.9, 0.0001, 1000), 6.852710593103772)
((0.1, 0.9, 0.001, 1000), 6.0647587934004035)
((0.1, 0.9, 0.01, 1000), 7.465690467667818)
((0.1, 0.9, 0.1, 1000), 7.3948550681899246)
((0.2, 0.1, 1e-15, 1000), 78982160224.82288)
((0.2, 0.1, 1e-14, 1000), 1191457896964.7073)
((0.2, 0.1, 1e-13, 1000), 3406879883.324349)
((0.2, 0.1, 1e-12, 1000), 8.831052135240231)
((0.2, 0.1, 1e-11, 1000), 10.210353237264886)
((0.2, 0.1, 1e-10, 1000), 28.8073537964508)
((0.2, 0.1, 1e-09, 1000), 202.4673662225232)
((0.2, 0.1, 1e-08, 1000), 5.416318170083328)
((0.2, 0.1, 1e-07, 1000), 5.795678145763512)
((0.2, 0.1, 1e-06, 1000), 5.692524119660974)
((0.2, 0.1, 1e-05, 1000), 6.658979026027124)
((0.2, 0.1, 0.0001, 1000), 4.9204154336676345)
((0.2, 0.1, 0.001, 1000), 6.588185157486023)
((0.2, 0.1, 0.01, 1000), 7.024841859999372)
((0.2, 0.1, 0.1, 1000), 7.069640591635353)
((0.2, 0.2, 1e-15, 1000), 74174283612.00816)
((0.2, 0.2, 1e-14, 1000), 13340760302.048313)
((0.2, 0.2, 1e-13, 1000), 248809051.27412543)
((0.2, 0.2, 1e-12, 1000), 4.901070208693562)
((0.2, 0.2, 1e-11, 1000), 5.230671629829992)
((0.2, 0.2, 1e-10, 1000), 7.848784001749633)
((0.2, 0.2, 1e-09, 1000), 11.581493125603963)
((0.2, 0.2, 1e-08, 1000), 38.76209634293113)
((0.2, 0.2, 1e-07, 1000), 5.969497871140084)
((0.2, 0.2, 1e-06, 1000), 6.995127124180934)
((0.2, 0.2, 1e-05, 1000), 6.934423400228794)
((0.2, 0.2, 0.0001, 1000), 6.286913987305056)
((0.2, 0.2, 0.001, 1000), 5.652361081612144)
((0.2, 0.2, 0.01, 1000), 7.019854690612695)
((0.2, 0.2, 0.1, 1000), 7.072096522367714)
((0.2, 0.3, 1e-15, 1000), 1194459716947.4797)
((0.2, 0.3, 1e-14, 1000), 48801831862.28552)
((0.2, 0.3, 1e-13, 1000), 293436784.8844621)
((0.2, 0.3, 1e-12, 1000), 5.216006913521764)
((0.2, 0.3, 1e-11, 1000), 3.099187188354991)
((0.2, 0.3, 1e-10, 1000), 3.2977809003712024)
((0.2, 0.3, 1e-09, 1000), 7.099519454183822)
((0.2, 0.3, 1e-08, 1000), 11.223791730984585)
((0.2, 0.3, 1e-07, 1000), 5.649205352604529)
((0.2, 0.3, 1e-06, 1000), 7.346236712329814)
((0.2, 0.3, 1e-05, 1000), 7.369624083310911)
((0.2, 0.3, 0.0001, 1000), 6.913390782678579)
((0.2, 0.3, 0.001, 1000), 4.560376248228986)
((0.2, 0.3, 0.01, 1000), 7.107460883662771)
((0.2, 0.3, 0.1, 1000), 7.1227169097007454)
((0.2, 0.4, 1e-15, 1000), 1355928992233.8323)
((0.2, 0.4, 1e-14, 1000), 26327690360.342438)
((0.2, 0.4, 1e-13, 1000), 14452882.163674628)
((0.2, 0.4, 1e-12, 1000), 128116345.46737999)
((0.2, 0.4, 1e-11, 1000), 3.7121497860665364)
((0.2, 0.4, 1e-10, 1000), 3.094432768466508)
((0.2, 0.4, 1e-09, 1000), 3.1180911316157838)
((0.2, 0.4, 1e-08, 1000), 7.460633866231008)
((0.2, 0.4, 1e-07, 1000), 5.327085435120437)
((0.2, 0.4, 1e-06, 1000), 5.783850363585836)
((0.2, 0.4, 1e-05, 1000), 7.584998931959423)
((0.2, 0.4, 0.0001, 1000), 7.381476981697646)
((0.2, 0.4, 0.001, 1000), 5.153858040234313)
((0.2, 0.4, 0.01, 1000), 7.0396477159274395)
((0.2, 0.4, 0.1, 1000), 7.2385866988690175)
((0.2, 0.5, 1e-15, 1000), 1593168433772.7893)
((0.2, 0.5, 1e-14, 1000), 32241964940.32174)
((0.2, 0.5, 1e-13, 1000), 2872190710.8441906)
((0.2, 0.5, 1e-12, 1000), 10350971.555193655)
((0.2, 0.5, 1e-11, 1000), 34025528.04409919)
((0.2, 0.5, 1e-10, 1000), 2.8606284756155156)
((0.2, 0.5, 1e-09, 1000), 3.122725301109119)
((0.2, 0.5, 1e-08, 1000), 4.920794123154391)
((0.2, 0.5, 1e-07, 1000), 5.146244723240017)
((0.2, 0.5, 1e-06, 1000), 5.658404708009845)
((0.2, 0.5, 1e-05, 1000), 7.633701288993627)
((0.2, 0.5, 0.0001, 1000), 7.64653790851411)
((0.2, 0.5, 0.001, 1000), 5.944253448707855)
((0.2, 0.5, 0.01, 1000), 6.870828305699645)
((0.2, 0.5, 0.1, 1000), 7.369193194503796)
((0.2, 0.6, 1e-15, 1000), 9205780755.795258)
((0.2, 0.6, 1e-14, 1000), 184346779276.73)
((0.2, 0.6, 1e-13, 1000), 316459738.2278276)
((0.2, 0.6, 1e-12, 1000), 386656069.9842509)
((0.2, 0.6, 1e-11, 1000), 4.2271762305731855)
((0.2, 0.6, 1e-10, 1000), 2.8853340462835244)
((0.2, 0.6, 1e-09, 1000), 2.9774403595866312)
((0.2, 0.6, 1e-08, 1000), 3.332592648444031)
((0.2, 0.6, 1e-07, 1000), 5.023676966171736)
((0.2, 0.6, 1e-06, 1000), 7.17089094422631)
((0.2, 0.6, 1e-05, 1000), 7.6488643643834315)
((0.2, 0.6, 0.0001, 1000), 7.729142294806344)
((0.2, 0.6, 0.001, 1000), 6.450012663443335)
((0.2, 0.6, 0.01, 1000), 6.735190840437903)
((0.2, 0.6, 0.1, 1000), 7.454666703443856)
((0.2, 0.7, 1e-15, 1000), 14533075750.34273)
((0.2, 0.7, 1e-14, 1000), 65016588915.05526)
((0.2, 0.7, 1e-13, 1000), 1101112749.4454255)
((0.2, 0.7, 1e-12, 1000), 224442856.60060617)
((0.2, 0.7, 1e-11, 1000), 4.423018075042686)
((0.2, 0.7, 1e-10, 1000), 2.913876240600858)
((0.2, 0.7, 1e-09, 1000), 2.9683147906037806)
((0.2, 0.7, 1e-08, 1000), 3.2372067184640825)
((0.2, 0.7, 1e-07, 1000), 4.8845121260790005)
((0.2, 0.7, 1e-06, 1000), 7.316903446666506)
((0.2, 0.7, 1e-05, 1000), 7.6583733967623715)
((0.2, 0.7, 0.0001, 1000), 7.714853996223839)
((0.2, 0.7, 0.001, 1000), 6.59381643124596)
((0.2, 0.7, 0.01, 1000), 6.702334078298937)
((0.2, 0.7, 0.1, 1000), 7.488782700409717)
((0.2, 0.8, 1e-15, 1000), 250661371292.02808)
((0.2, 0.8, 1e-14, 1000), 62147635033.30153)
((0.2, 0.8, 1e-13, 1000), 735572231.8626897)
((0.2, 0.8, 1e-12, 1000), 90569034.9291792)
((0.2, 0.8, 1e-11, 1000), 4.140319814308815)
((0.2, 0.8, 1e-10, 1000), 2.8819296407094814)
((0.2, 0.8, 1e-09, 1000), 2.9895692566626977)
((0.2, 0.8, 1e-08, 1000), 3.378510589147498)
((0.2, 0.8, 1e-07, 1000), 4.928764505629236)
((0.2, 0.8, 1e-06, 1000), 7.368362690381138)
((0.2, 0.8, 1e-05, 1000), 7.59565075842473)
((0.2, 0.8, 0.0001, 1000), 7.68934691167359)
((0.2, 0.8, 0.001, 1000), 6.465969396852763)
((0.2, 0.8, 0.01, 1000), 6.806282584159382)
((0.2, 0.8, 0.1, 1000), 7.499545962187649)
((0.2, 0.9, 1e-15, 1000), 4935974585.798662)
((0.2, 0.9, 1e-14, 1000), 330596692.0143725)
((0.2, 0.9, 1e-13, 1000), 59671976.16180198)
((0.2, 0.9, 1e-12, 1000), 142632837.60503286)
((0.2, 0.9, 1e-11, 1000), 1743358.6797115412)
((0.2, 0.9, 1e-10, 1000), 2.8365638821866286)
((0.2, 0.9, 1e-09, 1000), 3.066660548052412)
((0.2, 0.9, 1e-08, 1000), 4.015881272859139)
((0.2, 0.9, 1e-07, 1000), 4.838736651031419)
((0.2, 0.9, 1e-06, 1000), 7.5638383795958255)
((0.2, 0.9, 1e-05, 1000), 7.520139726830925)
((0.2, 0.9, 0.0001, 1000), 7.640689561411878)
((0.2, 0.9, 0.001, 1000), 5.784239040650318)
((0.2, 0.9, 0.01, 1000), 7.077800481128697)
((0.2, 0.9, 0.1, 1000), 7.508299240557472)
((0.3, 0.1, 1e-15, 1000), 8506805722883.017)
((0.3, 0.1, 1e-14, 1000), 573853938717.3525)
((0.3, 0.1, 1e-13, 1000), 1133966746.3406458)
((0.3, 0.1, 1e-12, 1000), 56808672.60943399)
((0.3, 0.1, 1e-11, 1000), 9.62854545404681)
((0.3, 0.1, 1e-10, 1000), 14.996880592683997)
((0.3, 0.1, 1e-09, 1000), 77.4894310781849)
((0.3, 0.1, 1e-08, 1000), 660.6561011938835)
((0.3, 0.1, 1e-07, 1000), 5.5508867461493825)
((0.3, 0.1, 1e-06, 1000), 7.240480192056672)
((0.3, 0.1, 1e-05, 1000), 5.811000837966299)
((0.3, 0.1, 0.0001, 1000), 5.65303701343063)
((0.3, 0.1, 0.001, 1000), 5.874536630706645)
((0.3, 0.1, 0.01, 1000), 6.944138398299119)
((0.3, 0.1, 0.1, 1000), 7.06148749682248)
((0.3, 0.2, 1e-15, 1000), 162154617268.05777)
((0.3, 0.2, 1e-14, 1000), 273186731425.39816)
((0.3, 0.2, 1e-13, 1000), 556463956.0873075)
((0.3, 0.2, 1e-12, 1000), 55188380.387658864)
((0.3, 0.2, 1e-11, 1000), 4.530987131864621)
((0.3, 0.2, 1e-10, 1000), 6.624945274777235)
((0.3, 0.2, 1e-09, 1000), 9.191212015339973)
((0.3, 0.2, 1e-08, 1000), 19.70225995147993)
((0.3, 0.2, 1e-07, 1000), 96.97863147211136)
((0.3, 0.2, 1e-06, 1000), 6.0470806064261)
((0.3, 0.2, 1e-05, 1000), 6.127274774740966)
((0.3, 0.2, 0.0001, 1000), 6.4881051632374245)
((0.3, 0.2, 0.001, 1000), 4.803652324418316)
((0.3, 0.2, 0.01, 1000), 6.843320441105365)
((0.3, 0.2, 0.1, 1000), 7.066393946006216)
((0.3, 0.3, 1e-15, 1000), 2144204174.9472747)
((0.3, 0.3, 1e-14, 1000), 89543005572.48567)
((0.3, 0.3, 1e-13, 1000), 3317045035.043623)
((0.3, 0.3, 1e-12, 1000), 55905539.00357704)
((0.3, 0.3, 1e-11, 1000), 4.9675755979240686)
((0.3, 0.3, 1e-10, 1000), 2.8875973911206128)
((0.3, 0.3, 1e-09, 1000), 5.659267738116806)
((0.3, 0.3, 1e-08, 1000), 8.8005082357971)
((0.3, 0.3, 1e-07, 1000), 18.576035237040074)
((0.3, 0.3, 1e-06, 1000), 5.875067334100336)
((0.3, 0.3, 1e-05, 1000), 7.3762998716334875)
((0.3, 0.3, 0.0001, 1000), 7.010471899146394)
((0.3, 0.3, 0.001, 1000), 5.5893034999363245)
((0.3, 0.3, 0.01, 1000), 6.604121397464207)
((0.3, 0.3, 0.1, 1000), 7.165978572953859)
((0.3, 0.4, 1e-15, 1000), 144427813327.68555)
((0.3, 0.4, 1e-14, 1000), 82322918453.67538)
((0.3, 0.4, 1e-13, 1000), 207966628.93523234)
((0.3, 0.4, 1e-12, 1000), 46316258.66731787)
((0.3, 0.4, 1e-11, 1000), 4247261.553543455)
((0.3, 0.4, 1e-10, 1000), 3.2722425993169666)
((0.3, 0.4, 1e-09, 1000), 3.078684657617631)
((0.3, 0.4, 1e-08, 1000), 5.7697224030460665)
((0.3, 0.4, 1e-07, 1000), 9.761730265720049)
((0.3, 0.4, 1e-06, 1000), 5.615101546104158)
((0.3, 0.4, 1e-05, 1000), 7.411852663409764)
((0.3, 0.4, 0.0001, 1000), 7.452305974092708)
((0.3, 0.4, 0.001, 1000), 6.392053948114359)
((0.3, 0.4, 0.01, 1000), 6.1437608505272525)
((0.3, 0.4, 0.1, 1000), 7.313109007272333)
((0.3, 0.5, 1e-15, 1000), 50442747032.38482)
((0.3, 0.5, 1e-14, 1000), 195407455602.45557)
((0.3, 0.5, 1e-13, 1000), 2386299321.2469206)
((0.3, 0.5, 1e-12, 1000), 489676605.49688554)
((0.3, 0.5, 1e-11, 1000), 17429065.571847446)
((0.3, 0.5, 1e-10, 1000), 16220314.000185562)
((0.3, 0.5, 1e-09, 1000), 2.864503691146602)
((0.3, 0.5, 1e-08, 1000), 2.931639776688749)
((0.3, 0.5, 1e-07, 1000), 6.866057826107861)
((0.3, 0.5, 1e-06, 1000), 5.448268903775145)
((0.3, 0.5, 1e-05, 1000), 7.377992730816394)
((0.3, 0.5, 0.0001, 1000), 7.621180106942745)
((0.3, 0.5, 0.001, 1000), 6.843062862432993)
((0.3, 0.5, 0.01, 1000), 5.739332695409067)
((0.3, 0.5, 0.1, 1000), 7.393453596553735)
((0.3, 0.6, 1e-15, 1000), 9911250275.56209)
((0.3, 0.6, 1e-14, 1000), 11615018985.818323)
((0.3, 0.6, 1e-13, 1000), 1428296418.7038999)
((0.3, 0.6, 1e-12, 1000), 620597729.312088)
((0.3, 0.6, 1e-11, 1000), 62052321.05003892)
((0.3, 0.6, 1e-10, 1000), 4.203493170931652)
((0.3, 0.6, 1e-09, 1000), 2.895536999862996)
((0.3, 0.6, 1e-08, 1000), 2.964263282693089)
((0.3, 0.6, 1e-07, 1000), 3.1343252860592856)
((0.3, 0.6, 1e-06, 1000), 5.357487860814038)
((0.3, 0.6, 1e-05, 1000), 7.46597149668431)
((0.3, 0.6, 0.0001, 1000), 7.655648367342335)
((0.3, 0.6, 0.001, 1000), 7.164147308909296)
((0.3, 0.6, 0.01, 1000), 5.387710882408719)
((0.3, 0.6, 0.1, 1000), 7.398891612863588)
((0.3, 0.7, 1e-15, 1000), 501212178193.4498)
((0.3, 0.7, 1e-14, 1000), 60210962541.49426)
((0.3, 0.7, 1e-13, 1000), 2703523736.4606276)
((0.3, 0.7, 1e-12, 1000), 39235308.02656228)
((0.3, 0.7, 1e-11, 1000), 51790240.47809411)
((0.3, 0.7, 1e-10, 1000), 4.3818984961555305)
((0.3, 0.7, 1e-09, 1000), 2.959973608491068)
((0.3, 0.7, 1e-08, 1000), 2.990784928384801)
((0.3, 0.7, 1e-07, 1000), 3.455666753280407)
((0.3, 0.7, 1e-06, 1000), 5.201422910266102)
((0.3, 0.7, 1e-05, 1000), 7.527609867130347)
((0.3, 0.7, 0.0001, 1000), 7.662929684377917)
((0.3, 0.7, 0.001, 1000), 7.287141649689965)
((0.3, 0.7, 0.01, 1000), 4.637681863142807)
((0.3, 0.7, 0.1, 1000), 7.3872379244155555)
((0.3, 0.8, 1e-15, 1000), 5382072093499.673)
((0.3, 0.8, 1e-14, 1000), 6086853526.155579)
((0.3, 0.8, 1e-13, 1000), 2904753717.3151355)
((0.3, 0.8, 1e-12, 1000), 89599583.49694832)
((0.3, 0.8, 1e-11, 1000), 32457412.54238694)
((0.3, 0.8, 1e-10, 1000), 15202732.631172547)
((0.3, 0.8, 1e-09, 1000), 2.9437691644844164)
((0.3, 0.8, 1e-08, 1000), 3.041964621413662)
((0.3, 0.8, 1e-07, 1000), 3.6586390659370576)
((0.3, 0.8, 1e-06, 1000), 5.198897657150973)
((0.3, 0.8, 1e-05, 1000), 7.582416020835871)
((0.3, 0.8, 0.0001, 1000), 7.661983452868912)
((0.3, 0.8, 0.001, 1000), 7.204526034630241)
((0.3, 0.8, 0.01, 1000), 6.0245412578309345)
((0.3, 0.8, 0.1, 1000), 7.40620135939689)
((0.3, 0.9, 1e-15, 1000), 11932894691.514786)
((0.3, 0.9, 1e-14, 1000), 53479473438.67868)
((0.3, 0.9, 1e-13, 1000), 765209555.7897991)
((0.3, 0.9, 1e-12, 1000), 47205215.123535916)
((0.3, 0.9, 1e-11, 1000), 16698174.39515643)
((0.3, 0.9, 1e-10, 1000), 2.802477233801877)
((0.3, 0.9, 1e-09, 1000), 2.926130118213585)
((0.3, 0.9, 1e-08, 1000), 3.1833247274313736)
((0.3, 0.9, 1e-07, 1000), 4.474881745538651)
((0.3, 0.9, 1e-06, 1000), 6.518193975196183)
((0.3, 0.9, 1e-05, 1000), 7.656736025221282)
((0.3, 0.9, 0.0001, 1000), 7.644881308824523)
((0.3, 0.9, 0.001, 1000), 6.804086810087654)
((0.3, 0.9, 0.01, 1000), 5.837249502654128)
((0.3, 0.9, 0.1, 1000), 7.47237819114575)
((0.4, 0.1, 1e-15, 1000), 381283632981.9712)
((0.4, 0.1, 1e-14, 1000), 8984271240.261215)
((0.4, 0.1, 1e-13, 1000), 674025198.7578176)
((0.4, 0.1, 1e-12, 1000), 81650664.91111305)
((0.4, 0.1, 1e-11, 1000), 52138940.46936984)
((0.4, 0.1, 1e-10, 1000), 12.191997534359203)
((0.4, 0.1, 1e-09, 1000), 35.04201030357562)
((0.4, 0.1, 1e-08, 1000), 283.51349166269046)
((0.4, 0.1, 1e-07, 1000), 253676.55912674792)
((0.4, 0.1, 1e-06, 1000), 7.822485144889709)
((0.4, 0.1, 1e-05, 1000), 6.447332576682846)
((0.4, 0.1, 0.0001, 1000), 5.830854717340924)
((0.4, 0.1, 0.001, 1000), 4.968204408940618)
((0.4, 0.1, 0.01, 1000), 6.784679519889474)
((0.4, 0.1, 0.1, 1000), 7.045076124152325)
((0.4, 0.2, 1e-15, 1000), 16586011727.742031)
((0.4, 0.2, 1e-14, 1000), 72904223923.69485)
((0.4, 0.2, 1e-13, 1000), 2148820266.4087634)
((0.4, 0.2, 1e-12, 1000), 40885675.866385765)
((0.4, 0.2, 1e-11, 1000), 2890424.1500451616)
((0.4, 0.2, 1e-10, 1000), 7.583403935316955)
((0.4, 0.2, 1e-09, 1000), 8.088208621375811)
((0.4, 0.2, 1e-08, 1000), 12.820580769539175)
((0.4, 0.2, 1e-07, 1000), 53.58480008778963)
((0.4, 0.2, 1e-06, 1000), 5.407422369438812)
((0.4, 0.2, 1e-05, 1000), 5.9819040732877635)
((0.4, 0.2, 0.0001, 1000), 5.958741201455963)
((0.4, 0.2, 0.001, 1000), 5.428623470632386)
((0.4, 0.2, 0.01, 1000), 6.374583764365195)
((0.4, 0.2, 0.1, 1000), 7.050059749124233)
((0.4, 0.3, 1e-15, 1000), 26079004921.029366)
((0.4, 0.3, 1e-14, 1000), 20971647501.64332)
((0.4, 0.3, 1e-13, 1000), 634784242.5329539)
((0.4, 0.3, 1e-12, 1000), 66504321.04656737)
((0.4, 0.3, 1e-11, 1000), 174775.3146194546)
((0.4, 0.3, 1e-10, 1000), 2057644.3997974247)
((0.4, 0.3, 1e-09, 1000), 2.5263107508104734)
((0.4, 0.3, 1e-08, 1000), 7.539339898464608)
((0.4, 0.3, 1e-07, 1000), 12.550218189474583)
((0.4, 0.3, 1e-06, 1000), 4.767261488575961)
((0.4, 0.3, 1e-05, 1000), 6.073107235025561)
((0.4, 0.3, 0.0001, 1000), 6.99911079123712)
((0.4, 0.3, 0.001, 1000), 6.242152327819367)
((0.4, 0.3, 0.01, 1000), 5.539790293332434)
((0.4, 0.3, 0.1, 1000), 7.176427297739519)
((0.4, 0.4, 1e-15, 1000), 329759866315.45575)
((0.4, 0.4, 1e-14, 1000), 2514113092.7829905)
((0.4, 0.4, 1e-13, 1000), 10085105095.81757)
((0.4, 0.4, 1e-12, 1000), 275118464.86822313)
((0.4, 0.4, 1e-11, 1000), 22857077.94873232)
((0.4, 0.4, 1e-10, 1000), 1630397.4726418054)
((0.4, 0.4, 1e-09, 1000), 3.8610663300770725)
((0.4, 0.4, 1e-08, 1000), 4.370053648736397)
((0.4, 0.4, 1e-07, 1000), 7.985640882325457)
((0.4, 0.4, 1e-06, 1000), 3.9212246310145096)
((0.4, 0.4, 1e-05, 1000), 5.972678843424467)
((0.4, 0.4, 0.0001, 1000), 7.537871021996721)
((0.4, 0.4, 0.001, 1000), 6.820830570752897)
((0.4, 0.4, 0.01, 1000), 4.765520758048596)
((0.4, 0.4, 0.1, 1000), 7.256248013024854)
((0.4, 0.5, 1e-15, 1000), 842409574689.1285)
((0.4, 0.5, 1e-14, 1000), 1677082641.2008886)
((0.4, 0.5, 1e-13, 1000), 664815885.1854972)
((0.4, 0.5, 1e-12, 1000), 264996911.5807491)
((0.4, 0.5, 1e-11, 1000), 6409738.606326626)
((0.4, 0.5, 1e-10, 1000), 5.015312134354449)
((0.4, 0.5, 1e-09, 1000), 3.4318504854635075)
((0.4, 0.5, 1e-08, 1000), 2.8527963966764838)
((0.4, 0.5, 1e-07, 1000), 5.260063242122898)
((0.4, 0.5, 1e-06, 1000), 4.288450945414742)
((0.4, 0.5, 1e-05, 1000), 5.835746077683764)
((0.4, 0.5, 0.0001, 1000), 7.631835893687002)
((0.4, 0.5, 0.001, 1000), 7.304604210295016)
((0.4, 0.5, 0.01, 1000), 4.948647680516157)
((0.4, 0.5, 0.1, 1000), 7.2247894315842895)
((0.4, 0.6, 1e-15, 1000), 93718479388.76941)
((0.4, 0.6, 1e-14, 1000), 41390013047.3489)
((0.4, 0.6, 1e-13, 1000), 383581513.49149156)
((0.4, 0.6, 1e-12, 1000), 488307300.8467204)
((0.4, 0.6, 1e-11, 1000), 65297005.4163356)
((0.4, 0.6, 1e-10, 1000), 3.371251785257738)
((0.4, 0.6, 1e-09, 1000), 3.6412622314014937)
((0.4, 0.6, 1e-08, 1000), 2.8781467598554777)
((0.4, 0.6, 1e-07, 1000), 2.7763795763805734)
((0.4, 0.6, 1e-06, 1000), 4.152926648805866)
((0.4, 0.6, 1e-05, 1000), 5.728169383899301)
((0.4, 0.6, 0.0001, 1000), 7.655682743774078)
((0.4, 0.6, 0.001, 1000), 7.540492902653074)
((0.4, 0.6, 0.01, 1000), 5.633752106831858)
((0.4, 0.6, 0.1, 1000), 7.170829128686246)
((0.4, 0.7, 1e-15, 1000), 20836597321.080746)
((0.4, 0.7, 1e-14, 1000), 61365013307.8323)
((0.4, 0.7, 1e-13, 1000), 86580355.95785084)
((0.4, 0.7, 1e-12, 1000), 5480677.557801291)
((0.4, 0.7, 1e-11, 1000), 35979700.508868046)
((0.4, 0.7, 1e-10, 1000), 6893257.127939076)
((0.4, 0.7, 1e-09, 1000), 4.0598711816838415)
((0.4, 0.7, 1e-08, 1000), 2.9356143912455908)
((0.4, 0.7, 1e-07, 1000), 3.0371341782618493)
((0.4, 0.7, 1e-06, 1000), 4.132107644461096)
((0.4, 0.7, 1e-05, 1000), 5.518172634827248)
((0.4, 0.7, 0.0001, 1000), 7.6858400979486525)
((0.4, 0.7, 0.001, 1000), 7.599547626720249)
((0.4, 0.7, 0.01, 1000), 5.8195289511008506)
((0.4, 0.7, 0.1, 1000), 7.163542741404518)
((0.4, 0.8, 1e-15, 1000), 14371980135945.441)
((0.4, 0.8, 1e-14, 1000), 22248615662.785896)
((0.4, 0.8, 1e-13, 1000), 405405998.63149786)
((0.4, 0.8, 1e-12, 1000), 133109551.47321582)
((0.4, 0.8, 1e-11, 1000), 11256351.723143956)
((0.4, 0.8, 1e-10, 1000), 21276005.951091476)
((0.4, 0.8, 1e-09, 1000), 4.050211655408219)
((0.4, 0.8, 1e-08, 1000), 2.9511053036931894)
((0.4, 0.8, 1e-07, 1000), 3.1592513231233204)
((0.4, 0.8, 1e-06, 1000), 4.441323521736022)
((0.4, 0.8, 1e-05, 1000), 6.759085741683597)
((0.4, 0.8, 0.0001, 1000), 7.7060621346962135)
((0.4, 0.8, 0.001, 1000), 7.576308872017867)
((0.4, 0.8, 0.01, 1000), 5.780618303256034)
((0.4, 0.8, 0.1, 1000), 7.23026116617193)
((0.4, 0.9, 1e-15, 1000), 65937632777.48695)
((0.4, 0.9, 1e-14, 1000), 96592308795.50108)
((0.4, 0.9, 1e-13, 1000), 25895682.512801632)
((0.4, 0.9, 1e-12, 1000), 112268470.71335529)
((0.4, 0.9, 1e-11, 1000), 7154297.117347694)
((0.4, 0.9, 1e-10, 1000), 5228345.268617799)
((0.4, 0.9, 1e-09, 1000), 2.870131831712095)
((0.4, 0.9, 1e-08, 1000), 3.00519706823433)
((0.4, 0.9, 1e-07, 1000), 3.5785971473722626)
((0.4, 0.9, 1e-06, 1000), 4.977186719484249)
((0.4, 0.9, 1e-05, 1000), 7.226528535511826)
((0.4, 0.9, 0.0001, 1000), 7.616826621338122)
((0.4, 0.9, 0.001, 1000), 7.38738803189581)
((0.4, 0.9, 0.01, 1000), 5.990811649495231)
((0.4, 0.9, 0.1, 1000), 7.3708504094407)
((0.5, 0.1, 1e-15, 1000), 543315621958.0906)
((0.5, 0.1, 1e-14, 1000), 355650758067.4408)
((0.5, 0.1, 1e-13, 1000), 1912826939.4737167)
((0.5, 0.1, 1e-12, 1000), 113606200.49172033)
((0.5, 0.1, 1e-11, 1000), 57264967.57176227)
((0.5, 0.1, 1e-10, 1000), 16065283.624555252)
((0.5, 0.1, 1e-09, 1000), 20.777951192970782)
((0.5, 0.1, 1e-08, 1000), 115.9419917880544)
((0.5, 0.1, 1e-07, 1000), 1001.4156351602961)
((0.5, 0.1, 1e-06, 1000), 4.962238033740293)
((0.5, 0.1, 1e-05, 1000), 7.497963909445311)
((0.5, 0.1, 0.0001, 1000), 5.729676302386631)
((0.5, 0.1, 0.001, 1000), 4.835642223080631)
((0.5, 0.1, 0.01, 1000), 6.466120376830939)
((0.5, 0.1, 0.1, 1000), 7.010387637534645)
((0.5, 0.2, 1e-15, 1000), 1143841558.6165075)
((0.5, 0.2, 1e-14, 1000), 441654942901.93854)
((0.5, 0.2, 1e-13, 1000), 301180685.97129023)
((0.5, 0.2, 1e-12, 1000), 125899716.96254101)
((0.5, 0.2, 1e-11, 1000), 91553509.50157455)
((0.5, 0.2, 1e-10, 1000), 1615870.524382857)
((0.5, 0.2, 1e-09, 1000), 9.842483681460774)
((0.5, 0.2, 1e-08, 1000), 9.983045026389197)
((0.5, 0.2, 1e-07, 1000), 26.805255492551105)
((0.5, 0.2, 1e-06, 1000), 182.54594307205565)
((0.5, 0.2, 1e-05, 1000), 5.854769926018503)
((0.5, 0.2, 0.0001, 1000), 5.526100511025392)
((0.5, 0.2, 0.001, 1000), 5.51155624378154)
((0.5, 0.2, 0.01, 1000), 5.435698707800757)
((0.5, 0.2, 0.1, 1000), 6.99942019246941)
((0.5, 0.3, 1e-15, 1000), 227542113131.98053)
((0.5, 0.3, 1e-14, 1000), 91249692294.10728)
((0.5, 0.3, 1e-13, 1000), 2745820917.010159)
((0.5, 0.3, 1e-12, 1000), 252481433.87916088)
((0.5, 0.3, 1e-11, 1000), 3065034.923015558)
((0.5, 0.3, 1e-10, 1000), 2289038.96608121)
((0.5, 0.3, 1e-09, 1000), 228245.13302575957)
((0.5, 0.3, 1e-08, 1000), 6.134514189898095)
((0.5, 0.3, 1e-07, 1000), 9.728046373666507)
((0.5, 0.3, 1e-06, 1000), 26.292626524439836)
((0.5, 0.3, 1e-05, 1000), 5.556665772878686)
((0.5, 0.3, 0.0001, 1000), 5.771841840639227)
((0.5, 0.3, 0.001, 1000), 6.323448917821347)
((0.5, 0.3, 0.01, 1000), 4.587054028570915)
((0.5, 0.3, 0.1, 1000), 7.064605383331815)
((0.5, 0.4, 1e-15, 1000), 64859659854.70334)
((0.5, 0.4, 1e-14, 1000), 131448606596.09425)
((0.5, 0.4, 1e-13, 1000), 1279477325.5359964)
((0.5, 0.4, 1e-12, 1000), 12586482.683256272)
((0.5, 0.4, 1e-11, 1000), 63813832.99830872)
((0.5, 0.4, 1e-10, 1000), 6621057.107357478)
((0.5, 0.4, 1e-09, 1000), 247089.48694731737)
((0.5, 0.4, 1e-08, 1000), 3.1140208258896758)
((0.5, 0.4, 1e-07, 1000), 6.387575137048182)
((0.5, 0.4, 1e-06, 1000), 11.644927637045154)
((0.5, 0.4, 1e-05, 1000), 5.285527796104028)
((0.5, 0.4, 0.0001, 1000), 5.915835678031219)
((0.5, 0.4, 0.001, 1000), 7.147143001458271)
((0.5, 0.4, 0.01, 1000), 5.219544128844239)
((0.5, 0.4, 0.1, 1000), 6.974056172085669)
((0.5, 0.5, 1e-15, 1000), 41963142552.33176)
((0.5, 0.5, 1e-14, 1000), 432232513767.62964)
((0.5, 0.5, 1e-13, 1000), 1785339345.7020907)
((0.5, 0.5, 1e-12, 1000), 113013627.22420849)
((0.5, 0.5, 1e-11, 1000), 4521181.987501999)
((0.5, 0.5, 1e-10, 1000), 15955156.155654578)
((0.5, 0.5, 1e-09, 1000), 31019.56317553346)
((0.5, 0.5, 1e-08, 1000), 3.1763309185540547)
((0.5, 0.5, 1e-07, 1000), 3.938921317891622)
((0.5, 0.5, 1e-06, 1000), 7.9053623521920375)
((0.5, 0.5, 1e-05, 1000), 5.162553215911652)
((0.5, 0.5, 0.0001, 1000), 5.784133174672871)
((0.5, 0.5, 0.001, 1000), 7.56452329155603)
((0.5, 0.5, 0.01, 1000), 5.938524887682336)
((0.5, 0.5, 0.1, 1000), 6.841862158139356)
((0.5, 0.6, 1e-15, 1000), 4994662224.839711)
((0.5, 0.6, 1e-14, 1000), 3039276916.8674097)
((0.5, 0.6, 1e-13, 1000), 642425021.9290128)
((0.5, 0.6, 1e-12, 1000), 32354237.138356138)
((0.5, 0.6, 1e-11, 1000), 18222494.83951365)
((0.5, 0.6, 1e-10, 1000), 11700713.194380485)
((0.5, 0.6, 1e-09, 1000), 2645096.8028336843)
((0.5, 0.6, 1e-08, 1000), 3.8214102675878676)
((0.5, 0.6, 1e-07, 1000), 2.8328853044163766)
((0.5, 0.6, 1e-06, 1000), 5.701630095165877)
((0.5, 0.6, 1e-05, 1000), 5.057422061254585)
((0.5, 0.6, 0.0001, 1000), 7.243219460775978)
((0.5, 0.6, 0.001, 1000), 7.677242234488526)
((0.5, 0.6, 0.01, 1000), 6.357500166965104)
((0.5, 0.6, 0.1, 1000), 6.778487178895164)
((0.5, 0.7, 1e-15, 1000), 34442525834.09546)
((0.5, 0.7, 1e-14, 1000), 1309215471.8956711)
((0.5, 0.7, 1e-13, 1000), 874196969.1171904)
((0.5, 0.7, 1e-12, 1000), 51309634.279233515)
((0.5, 0.7, 1e-11, 1000), 24496264.263624743)
((0.5, 0.7, 1e-10, 1000), 4.220993240916046)
((0.5, 0.7, 1e-09, 1000), 1204869.2222724173)
((0.5, 0.7, 1e-08, 1000), 4.022583833988275)
((0.5, 0.7, 1e-07, 1000), 2.9334963291132965)
((0.5, 0.7, 1e-06, 1000), 3.0673305155591075)
((0.5, 0.7, 1e-05, 1000), 5.033804392265992)
((0.5, 0.7, 0.0001, 1000), 7.411395638350671)
((0.5, 0.7, 0.001, 1000), 7.6986298856287805)
((0.5, 0.7, 0.01, 1000), 6.356518590340165)
((0.5, 0.7, 0.1, 1000), 6.823331658943598)
((0.5, 0.8, 1e-15, 1000), 206403164190.70383)
((0.5, 0.8, 1e-14, 1000), 87916162992.49933)
((0.5, 0.8, 1e-13, 1000), 981028329.9915166)
((0.5, 0.8, 1e-12, 1000), 119881354.62158598)
((0.5, 0.8, 1e-11, 1000), 17762300.245944295)
((0.5, 0.8, 1e-10, 1000), 3609521.497309325)
((0.5, 0.8, 1e-09, 1000), 968484.5133102055)
((0.5, 0.8, 1e-08, 1000), 2.9395366593584003)
((0.5, 0.8, 1e-07, 1000), 3.00473866125549)
((0.5, 0.8, 1e-06, 1000), 3.5922006792231915)
((0.5, 0.8, 1e-05, 1000), 5.0860779834676)
((0.5, 0.8, 0.0001, 1000), 7.50845987506288)
((0.5, 0.8, 0.001, 1000), 7.717850865812663)
((0.5, 0.8, 0.01, 1000), 6.05029959033504)
((0.5, 0.8, 0.1, 1000), 6.976371402519888)
((0.5, 0.9, 1e-15, 1000), 127120058938.8345)
((0.5, 0.9, 1e-14, 1000), 37224054450.58488)
((0.5, 0.9, 1e-13, 1000), 165361413.669694)
((0.5, 0.9, 1e-12, 1000), 79022318.00435469)
((0.5, 0.9, 1e-11, 1000), 6151041.177781425)
((0.5, 0.9, 1e-10, 1000), 2556492.009310847)
((0.5, 0.9, 1e-09, 1000), 3.872177942815912)
((0.5, 0.9, 1e-08, 1000), 2.908814393685653)
((0.5, 0.9, 1e-07, 1000), 3.193487294814736)
((0.5, 0.9, 1e-06, 1000), 4.5316896002896305)
((0.5, 0.9, 1e-05, 1000), 6.559295786648766)
((0.5, 0.9, 0.0001, 1000), 7.667234335631389)
((0.5, 0.9, 0.001, 1000), 7.633493777006542)
((0.5, 0.9, 0.01, 1000), 5.663646888875421)
((0.5, 0.9, 0.1, 1000), 7.227070030813815)
((0.6, 0.1, 1e-15, 1000), 11190796851.18071)
((0.6, 0.1, 1e-14, 1000), 299195996684.34924)
((0.6, 0.1, 1e-13, 1000), 387735997.32444054)
((0.6, 0.1, 1e-12, 1000), 1002053171.7279263)
((0.6, 0.1, 1e-11, 1000), 78800014.16327764)
((0.6, 0.1, 1e-10, 1000), 16738335.658319566)
((0.6, 0.1, 1e-09, 1000), 7115646.67641096)
((0.6, 0.1, 1e-08, 1000), 46.92782164003515)
((0.6, 0.1, 1e-07, 1000), 401.96195986361516)
((0.6, 0.1, 1e-06, 1000), 175714.15718900142)
((0.6, 0.1, 1e-05, 1000), 7.5450822519416)
((0.6, 0.1, 0.0001, 1000), 6.9424357989115855)
((0.6, 0.1, 0.001, 1000), 5.119275161845735)
((0.6, 0.1, 0.01, 1000), 5.860218942190796)
((0.6, 0.1, 0.1, 1000), 6.929074483175867)
((0.6, 0.2, 1e-15, 1000), 654952218083.9902)
((0.6, 0.2, 1e-14, 1000), 1053898634007.3563)
((0.6, 0.2, 1e-13, 1000), 634390570.2622738)
((0.6, 0.2, 1e-12, 1000), 220629040.8303215)
((0.6, 0.2, 1e-11, 1000), 23167229.646065105)
((0.6, 0.2, 1e-10, 1000), 8889839.992980791)
((0.6, 0.2, 1e-09, 1000), 562560.1491037261)
((0.6, 0.2, 1e-08, 1000), 11.14839036897553)
((0.6, 0.2, 1e-07, 1000), 15.245125904881538)
((0.6, 0.2, 1e-06, 1000), 77.11147759428745)
((0.6, 0.2, 1e-05, 1000), 4.863865678921087)
((0.6, 0.2, 0.0001, 1000), 5.968682480398118)
((0.6, 0.2, 0.001, 1000), 4.951123891633305)
((0.6, 0.2, 0.01, 1000), 4.776830951273448)
((0.6, 0.2, 0.1, 1000), 6.832012472163289)
((0.6, 0.3, 1e-15, 1000), 11754414678.346012)
((0.6, 0.3, 1e-14, 1000), 127734375996.41014)
((0.6, 0.3, 1e-13, 1000), 125796424.33782154)
((0.6, 0.3, 1e-12, 1000), 192762121.46133995)
((0.6, 0.3, 1e-11, 1000), 31253665.916243862)
((0.6, 0.3, 1e-10, 1000), 516793.31127172563)
((0.6, 0.3, 1e-09, 1000), 718680.762087166)
((0.6, 0.3, 1e-08, 1000), 156596.48358191302)
((0.6, 0.3, 1e-07, 1000), 8.08623997016016)
((0.6, 0.3, 1e-06, 1000), 15.315543071126326)
((0.6, 0.3, 1e-05, 1000), 73.53285073415898)
((0.6, 0.3, 0.0001, 1000), 5.956989054778856)
((0.6, 0.3, 0.001, 1000), 5.360941068183585)
((0.6, 0.3, 0.01, 1000), 5.219829796171952)
((0.6, 0.3, 0.1, 1000), 6.647323634122141)
((0.6, 0.4, 1e-15, 1000), 2420824120.268139)
((0.6, 0.4, 1e-14, 1000), 1131006989704.6082)
((0.6, 0.4, 1e-13, 1000), 956056158.1997447)
((0.6, 0.4, 1e-12, 1000), 330809414.9916192)
((0.6, 0.4, 1e-11, 1000), 77623287.36013302)
((0.6, 0.4, 1e-10, 1000), 6117715.993485238)
((0.6, 0.4, 1e-09, 1000), 3506460.784764071)
((0.6, 0.4, 1e-08, 1000), 314867.04776314064)
((0.6, 0.4, 1e-07, 1000), 4.903169947784124)
((0.6, 0.4, 1e-06, 1000), 8.806170803258132)
((0.6, 0.4, 1e-05, 1000), 22.85785147532307)
((0.6, 0.4, 0.0001, 1000), 5.820915083457468)
((0.6, 0.4, 0.001, 1000), 7.29457076112168)
((0.6, 0.4, 0.01, 1000), 6.006673825174256)
((0.6, 0.4, 0.1, 1000), 6.346288282530977)
((0.6, 0.5, 1e-15, 1000), 2408155911563.576)
((0.6, 0.5, 1e-14, 1000), 43627866930.46245)
((0.6, 0.5, 1e-13, 1000), 177437814.4843443)
((0.6, 0.5, 1e-12, 1000), 373237676.13292766)
((0.6, 0.5, 1e-11, 1000), 44409607.2985064)
((0.6, 0.5, 1e-10, 1000), 2446784.6842679596)
((0.6, 0.5, 1e-09, 1000), 856980042.6454579)
((0.6, 0.5, 1e-08, 1000), 328733.20972028)
((0.6, 0.5, 1e-07, 1000), 2.7370384280326494)
((0.6, 0.5, 1e-06, 1000), 6.063631911966295)
((0.6, 0.5, 1e-05, 1000), 12.271207233854737)
((0.6, 0.5, 0.0001, 1000), 5.72843112135092)
((0.6, 0.5, 0.001, 1000), 7.52301924135555)
((0.6, 0.5, 0.01, 1000), 6.564365959156739)
((0.6, 0.5, 0.1, 1000), 6.129890261864672)
((0.6, 0.6, 1e-15, 1000), 6758808563.306588)
((0.6, 0.6, 1e-14, 1000), 5345158664.524669)
((0.6, 0.6, 1e-13, 1000), 2047916501.122005)
((0.6, 0.6, 1e-12, 1000), 162748904.35615492)
((0.6, 0.6, 1e-11, 1000), 20705842.205689874)
((0.6, 0.6, 1e-10, 1000), 345242.84454584937)
((0.6, 0.6, 1e-09, 1000), 2989978.883746046)
((0.6, 0.6, 1e-08, 1000), 69454.36600880303)
((0.6, 0.6, 1e-07, 1000), 2.9455271861410437)
((0.6, 0.6, 1e-06, 1000), 4.434030243268006)
((0.6, 0.6, 1e-05, 1000), 3.8383423236267973)
((0.6, 0.6, 0.0001, 1000), 5.633794741173149)
((0.6, 0.6, 0.001, 1000), 7.618075613981173)
((0.6, 0.6, 0.01, 1000), 6.8674208874959755)
((0.6, 0.6, 0.1, 1000), 6.049310190946831)
((0.6, 0.7, 1e-15, 1000), 3967086033665.2075)
((0.6, 0.7, 1e-14, 1000), 177775375396.06418)
((0.6, 0.7, 1e-13, 1000), 1371098509.4084299)
((0.6, 0.7, 1e-12, 1000), 76286439.76143152)
((0.6, 0.7, 1e-11, 1000), 31777737.93308904)
((0.6, 0.7, 1e-10, 1000), 857231.85061563)
((0.6, 0.7, 1e-09, 1000), 6.667507605895867)
((0.6, 0.7, 1e-08, 1000), 348963.4860352748)
((0.6, 0.7, 1e-07, 1000), 3.0184364393266874)
((0.6, 0.7, 1e-06, 1000), 2.7860985888034056)
((0.6, 0.7, 1e-05, 1000), 4.133051795439529)
((0.6, 0.7, 0.0001, 1000), 5.398647221689004)
((0.6, 0.7, 0.001, 1000), 7.681110598488188)
((0.6, 0.7, 0.01, 1000), 6.79159189887676)
((0.6, 0.7, 0.1, 1000), 6.158007274587836)
((0.6, 0.8, 1e-15, 1000), 2461868812964.336)
((0.6, 0.8, 1e-14, 1000), 328210793235.6544)
((0.6, 0.8, 1e-13, 1000), 277086009.6704889)
((0.6, 0.8, 1e-12, 1000), 91505483.39000332)
((0.6, 0.8, 1e-11, 1000), 47484415.79835671)
((0.6, 0.8, 1e-10, 1000), 4846557.821613948)
((0.6, 0.8, 1e-09, 1000), 1187208.6874099788)
((0.6, 0.8, 1e-08, 1000), 4.299525573919791)
((0.6, 0.8, 1e-07, 1000), 2.889381362770364)
((0.6, 0.8, 1e-06, 1000), 3.1559386649380055)
((0.6, 0.8, 1e-05, 1000), 4.559438552480514)
((0.6, 0.8, 0.0001, 1000), 6.877642100314781)
((0.6, 0.8, 0.001, 1000), 7.737396922871421)
((0.6, 0.8, 0.01, 1000), 6.568293942364873)
((0.6, 0.8, 0.1, 1000), 6.548427295913769)
((0.6, 0.9, 1e-15, 1000), 1012261406984.4954)
((0.6, 0.9, 1e-14, 1000), 353584831786.83484)
((0.6, 0.9, 1e-13, 1000), 310336963.6761226)
((0.6, 0.9, 1e-12, 1000), 34155131.61173454)
((0.6, 0.9, 1e-11, 1000), 6891225.849940943)
((0.6, 0.9, 1e-10, 1000), 6519491.644491179)
((0.6, 0.9, 1e-09, 1000), 2946650.6306652)
((0.6, 0.9, 1e-08, 1000), 2.808245172749315)
((0.6, 0.9, 1e-07, 1000), 3.0198111484101076)
((0.6, 0.9, 1e-06, 1000), 3.890628493959515)
((0.6, 0.9, 1e-05, 1000), 4.866929678432104)
((0.6, 0.9, 0.0001, 1000), 7.414964239026396)
((0.6, 0.9, 0.001, 1000), 7.7282363620027175)
((0.6, 0.9, 0.01, 1000), 5.841689115008092)
((0.6, 0.9, 0.1, 1000), 7.03836592331006)
((0.7, 0.1, 1e-15, 1000), 133459126912.19775)
((0.7, 0.1, 1e-14, 1000), 9388217316517.545)
((0.7, 0.1, 1e-13, 1000), 3323220135.376666)
((0.7, 0.1, 1e-12, 1000), 47614600.971119955)
((0.7, 0.1, 1e-11, 1000), 24324169.388473533)
((0.7, 0.1, 1e-10, 1000), 22617744.277704805)
((0.7, 0.1, 1e-09, 1000), 8158799.840152962)
((0.7, 0.1, 1e-08, 1000), 2320514.3795002275)
((0.7, 0.1, 1e-07, 1000), 119.10914097242267)
((0.7, 0.1, 1e-06, 1000), 141977.70017773812)
((0.7, 0.1, 1e-05, 1000), 4.48477797715943)
((0.7, 0.1, 0.0001, 1000), 7.402629913561155)
((0.7, 0.1, 0.001, 1000), 6.470626327930039)
((0.7, 0.1, 0.01, 1000), 5.2917523028618305)
((0.7, 0.1, 0.1, 1000), 6.7092950206197886)
((0.7, 0.2, 1e-15, 1000), 20210708592.8726)
((0.7, 0.2, 1e-14, 1000), 33616649752.58404)
((0.7, 0.2, 1e-13, 1000), 549920389.833642)
((0.7, 0.2, 1e-12, 1000), 111587525.36804484)
((0.7, 0.2, 1e-11, 1000), 37513668.61188769)
((0.7, 0.2, 1e-10, 1000), 3943311.5511236265)
((0.7, 0.2, 1e-09, 1000), 2380197.041548561)
((0.7, 0.2, 1e-08, 1000), 1126002.02670844)
((0.7, 0.2, 1e-07, 1000), 13.017480216197123)
((0.7, 0.2, 1e-06, 1000), 29.788612699377587)
((0.7, 0.2, 1e-05, 1000), 222.39817099273137)
((0.7, 0.2, 0.0001, 1000), 5.419555341964283)
((0.7, 0.2, 0.001, 1000), 5.668132819025123)
((0.7, 0.2, 0.01, 1000), 5.286703980787797)
((0.7, 0.2, 0.1, 1000), 6.32078134955609)
((0.7, 0.3, 1e-15, 1000), 82330984276.56349)
((0.7, 0.3, 1e-14, 1000), 132310547302.58177)
((0.7, 0.3, 1e-13, 1000), 82013750.02532206)
((0.7, 0.3, 1e-12, 1000), 64138418.3817856)
((0.7, 0.3, 1e-11, 1000), 31466292.8587269)
((0.7, 0.3, 1e-10, 1000), 5414801.057756467)
((0.7, 0.3, 1e-09, 1000), 655129.3843772432)
((0.7, 0.3, 1e-08, 1000), 491228.57908983366)
((0.7, 0.3, 1e-07, 1000), 456790.10505638144)
((0.7, 0.3, 1e-06, 1000), 10.373024909981703)
((0.7, 0.3, 1e-05, 1000), 31.919723291862326)
((0.7, 0.3, 0.0001, 1000), 5.042412732597146)
((0.7, 0.3, 0.001, 1000), 6.038130459304043)
((0.7, 0.3, 0.01, 1000), 5.170569991271869)
((0.7, 0.3, 0.1, 1000), 5.759792344114562)
((0.7, 0.4, 1e-15, 1000), 390867471327.2752)
((0.7, 0.4, 1e-14, 1000), 14561557304.144361)
((0.7, 0.4, 1e-13, 1000), 98695816.48042218)
((0.7, 0.4, 1e-12, 1000), 68779902.14396901)
((0.7, 0.4, 1e-11, 1000), 64802131.58317502)
((0.7, 0.4, 1e-10, 1000), 18551603.860727657)
((0.7, 0.4, 1e-09, 1000), 1749476.2781640925)
((0.7, 0.4, 1e-08, 1000), 215378.65295269885)
((0.7, 0.4, 1e-07, 1000), 94903.54708013464)
((0.7, 0.4, 1e-06, 1000), 6.987324434881641)
((0.7, 0.4, 1e-05, 1000), 13.480367220387201)
((0.7, 0.4, 0.0001, 1000), 4.862293645900033)
((0.7, 0.4, 0.001, 1000), 6.014277770193393)
((0.7, 0.4, 0.01, 1000), 6.4960553665025875)
((0.7, 0.4, 0.1, 1000), 5.028589104541135)
((0.7, 0.5, 1e-15, 1000), 167943628543.77197)
((0.7, 0.5, 1e-14, 1000), 915445920858.7449)
((0.7, 0.5, 1e-13, 1000), 1787885405.6627927)
((0.7, 0.5, 1e-12, 1000), 71185781.79081038)
((0.7, 0.5, 1e-11, 1000), 72090248.0927736)
((0.7, 0.5, 1e-10, 1000), 5958866.897093536)
((0.7, 0.5, 1e-09, 1000), 311190.1205658354)
((0.7, 0.5, 1e-08, 1000), 167689.43225582683)
((0.7, 0.5, 1e-07, 1000), 13143.115927144454)
((0.7, 0.5, 1e-06, 1000), 4.5962805328428145)
((0.7, 0.5, 1e-05, 1000), 8.882356278971834)
((0.7, 0.5, 0.0001, 1000), 4.839900859435867)
((0.7, 0.5, 0.001, 1000), 5.890514473823234)
((0.7, 0.5, 0.01, 1000), 7.356810239208637)
((0.7, 0.5, 0.1, 1000), 5.001791841525669)
((0.7, 0.6, 1e-15, 1000), 114955154023.3657)
((0.7, 0.6, 1e-14, 1000), 179863149729.49097)
((0.7, 0.6, 1e-13, 1000), 31399357.744575538)
((0.7, 0.6, 1e-12, 1000), 73294195.38731241)
((0.7, 0.6, 1e-11, 1000), 14783128.825788546)
((0.7, 0.6, 1e-10, 1000), 793577.9980165818)
((0.7, 0.6, 1e-09, 1000), 1201017.6977738042)
((0.7, 0.6, 1e-08, 1000), 345846.3123348663)
((0.7, 0.6, 1e-07, 1000), 3.8564039634792575)
((0.7, 0.6, 1e-06, 1000), 2.65039542150513)
((0.7, 0.6, 1e-05, 1000), 6.905720364089601)
((0.7, 0.6, 0.0001, 1000), 4.841014052658236)
((0.7, 0.6, 0.001, 1000), 7.08916304467175)
((0.7, 0.6, 0.01, 1000), 7.497151233895867)
((0.7, 0.6, 0.1, 1000), 5.6134571385119765)
((0.7, 0.7, 1e-15, 1000), 226720887678.16437)
((0.7, 0.7, 1e-14, 1000), 430701496533.04193)
((0.7, 0.7, 1e-13, 1000), 26750234.629798893)
((0.7, 0.7, 1e-12, 1000), 131843447.62130012)
((0.7, 0.7, 1e-11, 1000), 48429603.82772496)
((0.7, 0.7, 1e-10, 1000), 2337154.87203135)
((0.7, 0.7, 1e-09, 1000), 580394.9011430275)
((0.7, 0.7, 1e-08, 1000), 216162.1435059811)
((0.7, 0.7, 1e-07, 1000), 4.215310365429989)
((0.7, 0.7, 1e-06, 1000), 2.8352157794237725)
((0.7, 0.7, 1e-05, 1000), 5.476046533311545)
((0.7, 0.7, 0.0001, 1000), 4.9491348790367145)
((0.7, 0.7, 0.001, 1000), 7.366168294148926)
((0.7, 0.7, 0.01, 1000), 7.468965786600482)
((0.7, 0.7, 0.1, 1000), 5.9485989427750985)
((0.7, 0.8, 1e-15, 1000), 354629328463.024)
((0.7, 0.8, 1e-14, 1000), 127440250260.6214)
((0.7, 0.8, 1e-13, 1000), 283596010.7161116)
((0.7, 0.8, 1e-12, 1000), 122370927.5646536)
((0.7, 0.8, 1e-11, 1000), 42657703.23272203)
((0.7, 0.8, 1e-10, 1000), 223740.63949791878)
((0.7, 0.8, 1e-09, 1000), 19613.2384626714)
((0.7, 0.8, 1e-08, 1000), 201338.05949641363)
((0.7, 0.8, 1e-07, 1000), 2.8097531066644574)
((0.7, 0.8, 1e-06, 1000), 2.9607875885836856)
((0.7, 0.8, 1e-05, 1000), 3.916492771076832)
((0.7, 0.8, 0.0001, 1000), 5.004518999636584)
((0.7, 0.8, 0.001, 1000), 7.5466517409368015)
((0.7, 0.8, 0.01, 1000), 7.24191031929364)
((0.7, 0.8, 0.1, 1000), 6.2293288323572344)
((0.7, 0.9, 1e-15, 1000), 191596852843.8462)
((0.7, 0.9, 1e-14, 1000), 157427555330.64227)
((0.7, 0.9, 1e-13, 1000), 2346723914.9691076)
((0.7, 0.9, 1e-12, 1000), 204622145.1821044)
((0.7, 0.9, 1e-11, 1000), 510151.1410030509)
((0.7, 0.9, 1e-10, 1000), 2031859.6885277948)
((0.7, 0.9, 1e-09, 1000), 695833.8674176236)
((0.7, 0.9, 1e-08, 1000), 2.784405327872549)
((0.7, 0.9, 1e-07, 1000), 2.8934424722341623)
((0.7, 0.9, 1e-06, 1000), 3.3933793946645405)
((0.7, 0.9, 1e-05, 1000), 4.821107975769801)
((0.7, 0.9, 0.0001, 1000), 6.9573507668547645)
((0.7, 0.9, 0.001, 1000), 7.732865778608438)
((0.7, 0.9, 0.01, 1000), 6.431086344103085)
((0.7, 0.9, 0.1, 1000), 6.734316008512259)
((0.8, 0.1, 1e-15, 1000), 15105594986.45208)
((0.8, 0.1, 1e-14, 1000), 107980068609.28232)
((0.8, 0.1, 1e-13, 1000), 1850417646.8834372)
((0.8, 0.1, 1e-12, 1000), 53733765.71185607)
((0.8, 0.1, 1e-11, 1000), 12738507.584250791)
((0.8, 0.1, 1e-10, 1000), 7755040.432904674)
((0.8, 0.1, 1e-09, 1000), 1378366.3453175395)
((0.8, 0.1, 1e-08, 1000), 159.48300775179112)
((0.8, 0.1, 1e-07, 1000), 230.91750542483518)
((0.8, 0.1, 1e-06, 1000), 215.82665943522022)
((0.8, 0.1, 1e-05, 1000), 68929.42446800033)
((0.8, 0.1, 0.0001, 1000), 4.814069998457748)
((0.8, 0.1, 0.001, 1000), 7.273681532098861)
((0.8, 0.1, 0.01, 1000), 6.4067881291629165)
((0.8, 0.1, 0.1, 1000), 6.156035066253842)
((0.8, 0.2, 1e-15, 1000), 145810505609.8113)
((0.8, 0.2, 1e-14, 1000), 229670150401.2044)
((0.8, 0.2, 1e-13, 1000), 385334198.8567462)
((0.8, 0.2, 1e-12, 1000), 64435328.31453383)
((0.8, 0.2, 1e-11, 1000), 156352594.07709655)
((0.8, 0.2, 1e-10, 1000), 3021242.690568559)
((0.8, 0.2, 1e-09, 1000), 513658.9703621074)
((0.8, 0.2, 1e-08, 1000), 409133.9105790508)
((0.8, 0.2, 1e-07, 1000), 139640.49413818517)
((0.8, 0.2, 1e-06, 1000), 26316.066631080284)
((0.8, 0.2, 1e-05, 1000), 54.55498657670493)
((0.8, 0.2, 0.0001, 1000), 12964.632451638501)
((0.8, 0.2, 0.001, 1000), 5.518778576879)
((0.8, 0.2, 0.01, 1000), 7.411532712927018)
((0.8, 0.2, 0.1, 1000), 5.915171509769873)
((0.8, 0.3, 1e-15, 1000), 70792932552.56552)
((0.8, 0.3, 1e-14, 1000), 112850183301.67429)
((0.8, 0.3, 1e-13, 1000), 180622705.78178528)
((0.8, 0.3, 1e-12, 1000), 15317798.652282305)
((0.8, 0.3, 1e-11, 1000), 9331305.231384417)
((0.8, 0.3, 1e-10, 1000), 12031955.181450699)
((0.8, 0.3, 1e-09, 1000), 6564444.757171331)
((0.8, 0.3, 1e-08, 1000), 886761.6914819606)
((0.8, 0.3, 1e-07, 1000), 380773.5313696509)
((0.8, 0.3, 1e-06, 1000), 44975.305356019286)
((0.8, 0.3, 1e-05, 1000), 14.351762930376795)
((0.8, 0.3, 0.0001, 1000), 68.02057200108968)
((0.8, 0.3, 0.001, 1000), 5.327819949212033)
((0.8, 0.3, 0.01, 1000), 5.940275068104834)
((0.8, 0.3, 0.1, 1000), 4.8299935771983495)
((0.8, 0.4, 1e-15, 1000), 35394889317.94961)
((0.8, 0.4, 1e-14, 1000), 11212050736.48437)
((0.8, 0.4, 1e-13, 1000), 621314595.2551944)
((0.8, 0.4, 1e-12, 1000), 8238461.423787497)
((0.8, 0.4, 1e-11, 1000), 3602063.9646954583)
((0.8, 0.4, 1e-10, 1000), 1242591.902379531)
((0.8, 0.4, 1e-09, 1000), 1671781.114625632)
((0.8, 0.4, 1e-08, 1000), 322477.59231505723)
((0.8, 0.4, 1e-07, 1000), 54802.1256930755)
((0.8, 0.4, 1e-06, 1000), 34814.004765689766)
((0.8, 0.4, 1e-05, 1000), 9.492842963438763)
((0.8, 0.4, 0.0001, 1000), 24.5462475847931)
((0.8, 0.4, 0.001, 1000), 5.283489863785441)
((0.8, 0.4, 0.01, 1000), 5.898892643924972)
((0.8, 0.4, 0.1, 1000), 5.108450750801284)
((0.8, 0.5, 1e-15, 1000), 55793527736.920265)
((0.8, 0.5, 1e-14, 1000), 53913360528.318726)
((0.8, 0.5, 1e-13, 1000), 109642408.33799112)
((0.8, 0.5, 1e-12, 1000), 24021431.944210887)
((0.8, 0.5, 1e-11, 1000), 11192316.4409063)
((0.8, 0.5, 1e-10, 1000), 4134061.2782421447)
((0.8, 0.5, 1e-09, 1000), 375477.3615382826)
((0.8, 0.5, 1e-08, 1000), 241870.86548849524)
((0.8, 0.5, 1e-07, 1000), 60067.29691769648)
((0.8, 0.5, 1e-06, 1000), 3.774546865613064)
((0.8, 0.5, 1e-05, 1000), 6.693666341601788)
((0.8, 0.5, 0.0001, 1000), 14.658630116621783)
((0.8, 0.5, 0.001, 1000), 5.3117826387164655)
((0.8, 0.5, 0.01, 1000), 6.642412844248131)
((0.8, 0.5, 0.1, 1000), 5.568691106317086)
((0.8, 0.6, 1e-15, 1000), 36927671972.30776)
((0.8, 0.6, 1e-14, 1000), 83343241807.09929)
((0.8, 0.6, 1e-13, 1000), 4237321732.729419)
((0.8, 0.6, 1e-12, 1000), 43696643.508927494)
((0.8, 0.6, 1e-11, 1000), 5950968.211875113)
((0.8, 0.6, 1e-10, 1000), 9052419.036731882)
((0.8, 0.6, 1e-09, 1000), 584766.0622347706)
((0.8, 0.6, 1e-08, 1000), 2046740.403579683)
((0.8, 0.6, 1e-07, 1000), 412560.19089535816)
((0.8, 0.6, 1e-06, 1000), 4.125221064266935)
((0.8, 0.6, 1e-05, 1000), 5.274811229076941)
((0.8, 0.6, 0.0001, 1000), 10.17537457128053)
((0.8, 0.6, 0.001, 1000), 5.271957653855871)
((0.8, 0.6, 0.01, 1000), 7.482666357912963)
((0.8, 0.6, 0.1, 1000), 5.617595340401229)
((0.8, 0.7, 1e-15, 1000), 152407725358.9078)
((0.8, 0.7, 1e-14, 1000), 122630222479.97821)
((0.8, 0.7, 1e-13, 1000), 1025736523.3984002)
((0.8, 0.7, 1e-12, 1000), 56949566.8035238)
((0.8, 0.7, 1e-11, 1000), 18940446.177502967)
((0.8, 0.7, 1e-10, 1000), 7357566.765499682)
((0.8, 0.7, 1e-09, 1000), 242142.38694269946)
((0.8, 0.7, 1e-08, 1000), 177205.69192436562)
((0.8, 0.7, 1e-07, 1000), 59520.46799576792)
((0.8, 0.7, 1e-06, 1000), 4.308884666605728)
((0.8, 0.7, 1e-05, 1000), 4.589984499505517)
((0.8, 0.7, 0.0001, 1000), 4.201697599501255)
((0.8, 0.7, 0.001, 1000), 5.942036032566976)
((0.8, 0.7, 0.01, 1000), 7.593620458345817)
((0.8, 0.7, 0.1, 1000), 5.601137901885472)
((0.8, 0.8, 1e-15, 1000), 1001287958382.9783)
((0.8, 0.8, 1e-14, 1000), 408305431394.26013)
((0.8, 0.8, 1e-13, 1000), 12661068599.52146)
((0.8, 0.8, 1e-12, 1000), 272804304.35970354)
((0.8, 0.8, 1e-11, 1000), 30212052.77504352)
((0.8, 0.8, 1e-10, 1000), 5612850.588199037)
((0.8, 0.8, 1e-09, 1000), 974378.6906095225)
((0.8, 0.8, 1e-08, 1000), 3.7704236960492308)
((0.8, 0.8, 1e-07, 1000), 109840.8583321903)
((0.8, 0.8, 1e-06, 1000), 2.845165095011039)
((0.8, 0.8, 1e-05, 1000), 3.2559263173877127)
((0.8, 0.8, 0.0001, 1000), 4.792226813040461)
((0.8, 0.8, 0.001, 1000), 6.9624937315585615)
((0.8, 0.8, 0.01, 1000), 7.597284352162165)
((0.8, 0.8, 0.1, 1000), 5.905316296099768)
((0.8, 0.9, 1e-15, 1000), 543333965041.07806)
((0.8, 0.9, 1e-14, 1000), 4409657267402.973)
((0.8, 0.9, 1e-13, 1000), 15540077336.596859)
((0.8, 0.9, 1e-12, 1000), 63615861.13504891)
((0.8, 0.9, 1e-11, 1000), 11104013.984919285)
((0.8, 0.9, 1e-10, 1000), 357290.8448234341)
((0.8, 0.9, 1e-09, 1000), 325508.7397132812)
((0.8, 0.9, 1e-08, 1000), 1056300.1308697243)
((0.8, 0.9, 1e-07, 1000), 2.802546607308514)
((0.8, 0.9, 1e-06, 1000), 3.140040991494816)
((0.8, 0.9, 1e-05, 1000), 4.5286937825806985)
((0.8, 0.9, 0.0001, 1000), 6.570304021398573)
((0.8, 0.9, 0.001, 1000), 7.592086903155047)
((0.8, 0.9, 0.01, 1000), 6.829838793370254)
((0.8, 0.9, 0.1, 1000), 6.331495113181995)
((0.9, 0.1, 1e-15, 1000), 3957606153.425071)
((0.9, 0.1, 1e-14, 1000), 18970782136.79926)
((0.9, 0.1, 1e-13, 1000), 2398135558.7178392)
((0.9, 0.1, 1e-12, 1000), 21383871.352221355)
((0.9, 0.1, 1e-11, 1000), 106.94543017453586)
((0.9, 0.1, 1e-10, 1000), 95.09770693452123)
((0.9, 0.1, 1e-09, 1000), 97.28297413108913)
((0.9, 0.1, 1e-08, 1000), 105.65440492172553)
((0.9, 0.1, 1e-07, 1000), 113.30897883963765)
((0.9, 0.1, 1e-06, 1000), 130.09631975832465)
((0.9, 0.1, 1e-05, 1000), 233.69275267903598)
((0.9, 0.1, 0.0001, 1000), 43804.621493175626)
((0.9, 0.1, 0.001, 1000), 5.0627924080069215)
((0.9, 0.1, 0.01, 1000), 7.174060078200195)
((0.9, 0.1, 0.1, 1000), 7.033893358427248)
((0.9, 0.2, 1e-15, 1000), 15623636876.462221)
((0.9, 0.2, 1e-14, 1000), 18247017031.586082)
((0.9, 0.2, 1e-13, 1000), 37624419492.56114)
((0.9, 0.2, 1e-12, 1000), 13662313.838650543)
((0.9, 0.2, 1e-11, 1000), 76028136.3386643)
((0.9, 0.2, 1e-10, 1000), 4798294.776699804)
((0.9, 0.2, 1e-09, 1000), 494486.4682832912)
((0.9, 0.2, 1e-08, 1000), 167727.71714196075)
((0.9, 0.2, 1e-07, 1000), 97829.68423233535)
((0.9, 0.2, 1e-06, 1000), 500544.38670855906)
((0.9, 0.2, 1e-05, 1000), 64835.23838836582)
((0.9, 0.2, 0.0001, 1000), 11705.453613853519)
((0.9, 0.2, 0.001, 1000), 64464.83282485626)
((0.9, 0.2, 0.01, 1000), 5.189287307636528)
((0.9, 0.2, 0.1, 1000), 7.67128874654798)
((0.9, 0.3, 1e-15, 1000), 1345353718339.0942)
((0.9, 0.3, 1e-14, 1000), 148647473077.6016)
((0.9, 0.3, 1e-13, 1000), 825288472.8152249)
((0.9, 0.3, 1e-12, 1000), 70559519.5068223)
((0.9, 0.3, 1e-11, 1000), 6995660.177781969)
((0.9, 0.3, 1e-10, 1000), 4402751.542784367)
((0.9, 0.3, 1e-09, 1000), 292336.87375800195)
((0.9, 0.3, 1e-08, 1000), 144980.8402356986)
((0.9, 0.3, 1e-07, 1000), 74049.00202801579)
((0.9, 0.3, 1e-06, 1000), 434414.6859645549)
((0.9, 0.3, 1e-05, 1000), 17607.771434504924)
((0.9, 0.3, 0.0001, 1000), 9896.139708995308)
((0.9, 0.3, 0.001, 1000), 2220.545943033958)
((0.9, 0.3, 0.01, 1000), 4.981113410518562)
((0.9, 0.3, 0.1, 1000), 5.8863444591448495)
((0.9, 0.4, 1e-15, 1000), 6250348767475.383)
((0.9, 0.4, 1e-14, 1000), 45375655828.72856)
((0.9, 0.4, 1e-13, 1000), 5037024230.712099)
((0.9, 0.4, 1e-12, 1000), 41306764.68073559)
((0.9, 0.4, 1e-11, 1000), 18134425.815120924)
((0.9, 0.4, 1e-10, 1000), 1628898.599371193)
((0.9, 0.4, 1e-09, 1000), 529668.1253047987)
((0.9, 0.4, 1e-08, 1000), 302591.662081153)
((0.9, 0.4, 1e-07, 1000), 95008.67773120062)
((0.9, 0.4, 1e-06, 1000), 47379.74420321082)
((0.9, 0.4, 1e-05, 1000), 15001.238126571508)
((0.9, 0.4, 0.0001, 1000), 5607.266231196942)
((0.9, 0.4, 0.001, 1000), 41.75336231874816)
((0.9, 0.4, 0.01, 1000), 5.131114667825846)
((0.9, 0.4, 0.1, 1000), 5.831931168803443)
((0.9, 0.5, 1e-15, 1000), 35733036600.63325)
((0.9, 0.5, 1e-14, 1000), 976530911383.6642)
((0.9, 0.5, 1e-13, 1000), 3660494622.8457394)
((0.9, 0.5, 1e-12, 1000), 211654794.62879148)
((0.9, 0.5, 1e-11, 1000), 7044380.05599308)
((0.9, 0.5, 1e-10, 1000), 1259768.823662799)
((0.9, 0.5, 1e-09, 1000), 1492845.0637759953)
((0.9, 0.5, 1e-08, 1000), 460769.30757006066)
((0.9, 0.5, 1e-07, 1000), 103257.1816960547)
((0.9, 0.5, 1e-06, 1000), 33135.10524787422)
((0.9, 0.5, 1e-05, 1000), 7622.058743760168)
((0.9, 0.5, 0.0001, 1000), 9.013648299917552)
((0.9, 0.5, 0.001, 1000), 26.683149992101363)
((0.9, 0.5, 0.01, 1000), 5.27935690551107)
((0.9, 0.5, 0.1, 1000), 6.6617566752776085)
((0.9, 0.6, 1e-15, 1000), 3309460716942.457)
((0.9, 0.6, 1e-14, 1000), 176986461645.8377)
((0.9, 0.6, 1e-13, 1000), 973773020.415411)
((0.9, 0.6, 1e-12, 1000), 200601006.75774038)
((0.9, 0.6, 1e-11, 1000), 2942760.8883813918)
((0.9, 0.6, 1e-10, 1000), 2962111.958255389)
((0.9, 0.6, 1e-09, 1000), 626909.9381877915)
((0.9, 0.6, 1e-08, 1000), 1340270.927323843)
((0.9, 0.6, 1e-07, 1000), 81755.27640544392)
((0.9, 0.6, 1e-06, 1000), 36840.517215561995)
((0.9, 0.6, 1e-05, 1000), 10344.865898055832)
((0.9, 0.6, 0.0001, 1000), 7.732637632965588)
((0.9, 0.6, 0.001, 1000), 4.22977575922471)
((0.9, 0.6, 0.01, 1000), 5.113720534954407)
((0.9, 0.6, 0.1, 1000), 7.269603235935054)
((0.9, 0.7, 1e-15, 1000), 90331103749898.81)
((0.9, 0.7, 1e-14, 1000), 1043657797206.3049)
((0.9, 0.7, 1e-13, 1000), 975094488.7489567)
((0.9, 0.7, 1e-12, 1000), 34897390.787018284)
((0.9, 0.7, 1e-11, 1000), 4950953.61303407)
((0.9, 0.7, 1e-10, 1000), 3262903.2641664646)
((0.9, 0.7, 1e-09, 1000), 554849.8640245475)
((0.9, 0.7, 1e-08, 1000), 45049.87728527125)
((0.9, 0.7, 1e-07, 1000), 41584.30104107152)
((0.9, 0.7, 1e-06, 1000), 19901.572725479065)
((0.9, 0.7, 1e-05, 1000), 3.910414994161385)
((0.9, 0.7, 0.0001, 1000), 7.123912720967013)
((0.9, 0.7, 0.001, 1000), 4.803287369979889)
((0.9, 0.7, 0.01, 1000), 6.894711580329953)
((0.9, 0.7, 0.1, 1000), 6.415379905423891)
((0.9, 0.8, 1e-15, 1000), 1644494984174.1047)
((0.9, 0.8, 1e-14, 1000), 1291904374455.7961)
((0.9, 0.8, 1e-13, 1000), 267095888.62771147)
((0.9, 0.8, 1e-12, 1000), 31347640.7820265)
((0.9, 0.8, 1e-11, 1000), 59975825.110589564)
((0.9, 0.8, 1e-10, 1000), 3688117.0208788114)
((0.9, 0.8, 1e-09, 1000), 30691.962971374298)
((0.9, 0.8, 1e-08, 1000), 5170.768907542016)
((0.9, 0.8, 1e-07, 1000), 79654.98845509386)
((0.9, 0.8, 1e-06, 1000), 3.243533368871212)
((0.9, 0.8, 1e-05, 1000), 2.815514829314804)
((0.9, 0.8, 0.0001, 1000), 4.339563935001418)
((0.9, 0.8, 0.001, 1000), 6.140481494592427)
((0.9, 0.8, 0.01, 1000), 7.452667265679143)
((0.9, 0.8, 0.1, 1000), 5.483456256335129)
((0.9, 0.9, 1e-15, 1000), 469132725379108.56)
((0.9, 0.9, 1e-14, 1000), 1041313769491.5641)
((0.9, 0.9, 1e-13, 1000), 91657567.15238754)
((0.9, 0.9, 1e-12, 1000), 245193163.9268279)
((0.9, 0.9, 1e-11, 1000), 36015602.408230625)
((0.9, 0.9, 1e-10, 1000), 179792.66289856876)
((0.9, 0.9, 1e-09, 1000), 3.0560172150093847)
((0.9, 0.9, 1e-08, 1000), 30274.654907823788)
((0.9, 0.9, 1e-07, 1000), 2.804685769675879)
((0.9, 0.9, 1e-06, 1000), 2.977856211810508)
((0.9, 0.9, 1e-05, 1000), 4.022766438213154)
((0.9, 0.9, 0.0001, 1000), 6.004314261181003)
((0.9, 0.9, 0.001, 1000), 7.259392537021575)
((0.9, 0.9, 0.01, 1000), 7.376587412980929)
((0.9, 0.9, 0.1, 1000), 6.1265496740825505)
