Estimator: PolynomialKernel
Total number of parameters: 30
Time started: 20240801-114815
Validation parameters: [2500, 500, 500] (training, validation, jump)
Validation type: rolling
Task: PathContinue
Normalisation type for inputs: MinMax
Normalisation type for targets: None
Error type: meansquare
MinMax range for inputs: (0, 1) 
--------------------------------------------------------------------------------
First log reached. Amount of time elapsed is 12.113253593444824 seconds.
Estimated time to finish is 36.33976078033447 seconds.
--------------------------------------------------------------------------------
((2, 1, 0.1, 0), 95.64541690593106)
((2, 1, 1e-13, 0), nan)
((2, 1, 0.01, 0), 34.43699682533738)
((2, 1, 0.001, 0), 1.9927110518037627)
((2, 1, 1e-12, 0), nan)
((2, 1, 1e-11, 0), 58.25279268441736)
((2, 1, 1e-08, 0), 0.478803804245853)
((1, 1, 1e-05, 0), 139.731040676408)
((2, 1, 1e-10, 0), 34.52194514492018)
((2, 1, 1e-09, 0), 22.041344768847438)
((1, 1, 1e-10, 0), 139.9250560916937)
((2, 1, 1e-14, 0), nan)
((2, 1, 1e-15, 0), nan)
((1, 1, 1e-07, 0), 139.74374142130642)
((1, 1, 1e-14, 0), nan)
((1, 1, 1e-12, 0), 2242760217.4097786)
((1, 1, 1e-11, 0), 133.29448488658488)
((1, 1, 1e-09, 0), 139.64812291012356)
((1, 1, 0.0001, 0), 139.62272876099047)
((1, 1, 1e-08, 0), 139.73592606601196)
((1, 1, 0.1, 0), 103.04722254811506)
((1, 1, 1e-13, 0), 4.090599094492466e+50)
((2, 1, 0.0001, 0), 0.5970880110817413)
((2, 1, 1e-06, 0), 0.7923802230680665)
((1, 1, 1e-15, 0), nan)
((2, 1, 1e-05, 0), 0.7711494190797907)
((2, 1, 1e-07, 0), 0.8165554801456858)
((1, 1, 1e-06, 0), 139.74203370756436)
((1, 1, 0.01, 0), 129.5808932594359)
((1, 1, 0.001, 0), 138.5585591103861)
--------------------------------------------------------------------------------
Cross validation total time taken: 12.69125771522522 seconds.