Estimator: PolynomialKernel
Total number of parameters: 150
Time started: 20240801-114558
Validation parameters: [2500, 500, 500] (training, validation, jump)
Validation type: rolling
Task: PathContinue
Normalisation type for inputs: MinMax
Normalisation type for targets: None
Error type: meansquare
MinMax range for inputs: (0, 1) 
--------------------------------------------------------------------------------
First log reached. Amount of time elapsed is 14.06511378288269 seconds.
Estimated time to finish is 210.97670674324036 seconds.
--------------------------------------------------------------------------------
((1, 2, 1e-10, 0), 1.0237676918724343e+129)
((1, 2, 1e-12, 0), inf)
((1, 2, 0.1, 0), 110.88222817609815)
((1, 2, 1e-06, 0), 76.55431997290046)
((1, 2, 1e-11, 0), 3.4843824828012224e+171)
((1, 2, 0.01, 0), 109.1451679541639)
((1, 2, 1e-05, 0), 71.39613972892943)
((1, 3, 1e-15, 0), nan)
((1, 3, 1e-14, 0), nan)
((1, 1, 1e-06, 0), 139.74203370756436)
((1, 3, 0.01, 0), 90.47270834534034)
((1, 3, 1e-07, 0), 99.1485181701187)
((1, 2, 1e-15, 0), nan)
((1, 1, 0.001, 0), 138.5585591103861)
((1, 1, 0.0001, 0), 139.62272876099047)
((1, 1, 1e-07, 0), 139.74374142130642)
((1, 1, 1e-10, 0), 139.9250560916937)
((1, 2, 1e-09, 0), 2.3660590557360805e+30)
((1, 2, 1e-08, 0), 66.93030755129358)
((1, 1, 1e-14, 0), nan)
((1, 1, 1e-05, 0), 139.731040676408)
((1, 3, 1e-09, 0), 2387.282234271885)
((1, 3, 1e-08, 0), 105.94378736743701)
((1, 3, 1e-06, 0), 83.051832403678)
((1, 2, 1e-07, 0), 76.29298390373098)
((1, 3, 1e-13, 0), nan)
((1, 1, 1e-11, 0), 133.29448488658488)
((1, 3, 1e-10, 0), 8.071955625757135e+40)
((1, 1, 0.1, 0), 103.04722254811506)
((1, 1, 0.01, 0), 129.5808932594359)
((1, 3, 1e-12, 0), inf)
((1, 4, 1e-11, 0), 1.9577816259543785e+133)
((1, 1, 1e-09, 0), 139.64812291012356)
((1, 2, 1e-13, 0), nan)
((1, 3, 0.001, 0), 52.88456789022673)
((1, 3, 1e-05, 0), 52.42145256051488)
((1, 4, 1e-15, 0), nan)
((1, 2, 0.0001, 0), 50.52681008621342)
((1, 1, 1e-15, 0), nan)
((1, 3, 1e-11, 0), 4.969632507722084e+180)
((1, 2, 1e-14, 0), nan)
((1, 3, 0.0001, 0), 57.52890803554841)
((1, 1, 1e-13, 0), 4.090599094492466e+50)
((1, 1, 1e-12, 0), 2242760217.4097786)
((1, 1, 1e-08, 0), 139.73592606601196)
((1, 2, 0.001, 0), 80.9164183719119)
((1, 3, 0.1, 0), 108.4200194019919)
((1, 4, 1e-13, 0), nan)
((1, 4, 1e-12, 0), inf)
((1, 4, 1e-14, 0), nan)
((1, 4, 1e-10, 0), 2.635414392779935e+55)
((1, 4, 0.001, 0), 50.60907757626666)
((1, 4, 1e-09, 0), 1.3241080874438808e+25)
((1, 4, 1e-08, 0), 85.8509707347742)
((1, 4, 0.01, 0), 74.31498649120464)
((1, 4, 1e-06, 0), 95.39248031312219)
((1, 4, 0.0001, 0), 51.5440622354945)
((1, 4, 1e-07, 0), 97.67153028202597)
((1, 4, 1e-05, 0), 79.68802815989757)
((1, 4, 0.1, 0), 100.78898900091589)
((1, 5, 1e-13, 0), nan)
((1, 5, 1e-12, 0), inf)
((1, 5, 1e-06, 0), 96.2003913675451)
((1, 5, 1e-10, 0), 2.3748436149066e+62)
((1, 5, 1e-11, 0), 6.079706471389674e+145)
((1, 6, 1e-13, 0), nan)
((1, 5, 1e-08, 0), 73.97150147956651)
((1, 6, 1e-12, 0), 2.7991846801959853e+286)
((1, 6, 1e-11, 0), 2.4092855743881716e+125)
((1, 6, 1e-10, 0), 1.0313802826252154e+84)
((1, 5, 0.1, 0), 93.19242351612496)
((1, 6, 1e-08, 0), 55.51808777027652)
((1, 5, 1e-05, 0), 89.7277895108072)
((1, 6, 1e-09, 0), 7.247510441229045e+35)
((1, 5, 1e-09, 0), 1.486695290499827e+17)
((1, 6, 1e-14, 0), nan)
((1, 6, 1e-07, 0), 57.57668500811427)
((1, 5, 1e-07, 0), 81.51555413762762)
((1, 5, 0.001, 0), 51.02374716547352)
((1, 5, 1e-15, 0), nan)
((1, 5, 0.01, 0), 59.90298379962641)
((1, 6, 1e-15, 0), nan)
((1, 5, 0.0001, 0), 66.91583208255656)
((1, 6, 0.0001, 0), 81.51585443519303)
((1, 5, 1e-14, 0), nan)
((1, 6, 1e-05, 0), 93.95035055314548)
((1, 6, 0.001, 0), 53.36680339081559)
((1, 6, 0.01, 0), 53.18166500458096)
((1, 6, 0.1, 0), 85.82488426480582)
((1, 6, 1e-06, 0), 88.65995800944896)
((1, 7, 1e-12, 0), 2.731146649608715e+276)
((1, 7, 1e-11, 0), 1.4703168905966743e+167)
((1, 7, 1e-15, 0), nan)
((1, 7, 1e-14, 0), nan)
((1, 7, 1e-10, 0), 4.923288396848934e+106)
((1, 7, 1e-13, 0), nan)
((1, 7, 1e-09, 0), 1.1256964399332437e+27)
((1, 7, 1e-06, 0), 72.78494749821179)
((1, 7, 1e-08, 0), 153.16738831267784)
((1, 7, 1e-07, 0), 54.898932742909906)
((1, 7, 0.0001, 0), 87.73892232364574)
((1, 7, 0.1, 0), 78.11752147819448)
((1, 7, 0.01, 0), 51.99693133780356)
((1, 7, 0.001, 0), 63.62134029383668)
((1, 7, 1e-05, 0), 92.83304478377183)
((1, 8, 1e-12, 0), 3.9528611936145095e+231)
((1, 8, 1e-13, 0), nan)
((1, 8, 1e-09, 0), 7.658447979417e+43)
((1, 8, 1e-10, 0), 4.3562829558965757e+86)
((1, 8, 1e-11, 0), 1.5717942946747957e+184)
((1, 8, 1e-06, 0), 57.870995682955964)
((1, 8, 1e-05, 0), 87.27335261828861)
((1, 8, 1e-15, 0), nan)
((1, 8, 0.1, 0), 70.70967265721303)
((1, 8, 1e-07, 0), 55.58471343810091)
((1, 8, 1e-08, 0), 113369842.42553155)
((1, 8, 0.01, 0), 53.2840655345974)
((1, 8, 1e-14, 0), nan)
((1, 8, 0.0001, 0), 90.89477441784187)
((1, 8, 0.001, 0), 75.03432533745944)
((1, 9, 1e-12, 0), 3.5140191804726933e+227)
((1, 9, 1e-08, 0), 5371.994902415317)
((1, 9, 0.001, 0), 82.20188468863827)
((1, 9, 1e-15, 0), nan)
((1, 9, 1e-05, 0), 76.89155555507875)
((1, 9, 0.0001, 0), 91.43043096301398)
((1, 9, 1e-06, 0), 54.13436093985367)
((1, 9, 1e-13, 0), nan)
((1, 9, 0.01, 0), 56.994108016933964)
((1, 9, 1e-11, 0), 1.0604976748376726e+161)
((1, 9, 1e-14, 0), nan)
((1, 9, 0.1, 0), 64.8270486030647)
((1, 9, 1e-10, 0), 2.0266151685716818e+73)
((1, 9, 1e-07, 0), 60.23463942810163)
((1, 9, 1e-09, 0), 3.066857068823032e+41)
((1, 10, 1e-15, 0), nan)
((1, 10, 1e-14, 0), nan)
((1, 10, 1e-13, 0), nan)
((1, 10, 1e-12, 0), 9.488174290500266e+297)
((1, 10, 1e-07, 0), 70.81482242522029)
((1, 10, 1e-08, 0), 11845191610.586908)
((1, 10, 1e-10, 0), 5.998558517563635e+81)
((1, 10, 1e-09, 0), 2.7574657440597507e+42)
((1, 10, 1e-06, 0), 53.82855907989409)
((1, 10, 1e-11, 0), 6.022350241402511e+152)
((1, 10, 1e-05, 0), 64.99145144557484)
((1, 10, 0.001, 0), 86.15513731406193)
((1, 10, 0.0001, 0), 89.34308580173759)
((1, 10, 0.01, 0), 63.17975390284514)
((1, 10, 0.1, 0), 61.17139879237997)
--------------------------------------------------------------------------------
Cross validation total time taken: 42.65182447433472 seconds.