((0.7, 0.5, 1e-06, 1000), 0.004912276857870513)
((0.6, 0.4, 1e-07, 1000), 0.005001885164041781)
((0.9, 0.5, 0.0001, 1000), 0.0052367135696836965)
((0.8, 0.5, 1e-05, 1000), 0.005236917195727267)
((0.7, 0.2, 1e-07, 1000), 0.005494087910407276)
((0.6, 0.6, 1e-06, 1000), 0.005606038592190679)
((0.7, 0.4, 1e-06, 1000), 0.0056285218642404084)
((0.8, 0.6, 1e-05, 1000), 0.005662855762009473)
((0.5, 0.5, 1e-07, 1000), 0.005686487663160862)
((0.8, 0.3, 1e-05, 1000), 0.005782833523667672)
((0.9, 0.1, 1e-05, 1000), 0.0058183672873315)
((0.7, 0.1, 1e-05, 1000), 0.005855682199658774)
((0.6, 0.5, 1e-06, 1000), 0.005942389275160016)
((0.7, 0.6, 1e-05, 1000), 0.005986601856554145)
((0.2, 0.1, 1e-10, 1000), 0.006021865387484171)
((0.1, 0.1, 1e-11, 1000), 0.006034836988473241)
((0.6, 0.2, 1e-08, 1000), 0.00604121043940995)
((0.2, 0.1, 1e-09, 1000), 0.006108375930186219)
((0.3, 0.1, 1e-08, 1000), 0.006113035565091848)
((0.9, 0.8, 1e-05, 1000), 0.006145157207738966)
((0.3, 0.1, 1e-09, 1000), 0.006179195507920244)
((0.4, 0.1, 1e-08, 1000), 0.0061794986130572355)
((0.9, 0.6, 0.0001, 1000), 0.006258966995736421)
((0.9, 0.9, 1e-06, 1000), 0.006286746105288414)
((0.1, 0.1, 1e-10, 1000), 0.00629619029825384)
((0.1, 0.5, 1e-11, 1000), 0.0063307074523793454)
((0.2, 0.6, 1e-09, 1000), 0.006371388501222438)
((0.4, 0.3, 1e-09, 1000), 0.006431989023674862)
((0.3, 0.5, 1e-09, 1000), 0.006446232408729966)
((0.2, 0.5, 1e-10, 1000), 0.006449030246538397)
((0.5, 0.1, 0.001, 1000), 0.006457597638511143)
((0.4, 0.6, 0.01, 1000), 0.006458019175691054)
((0.4, 0.5, 0.01, 1000), 0.006459460020343555)
((0.8, 0.3, 0.1, 1000), 0.006465731578814979)
((0.2, 0.4, 0.001, 1000), 0.006472865405461796)
((0.8, 0.7, 1e-05, 1000), 0.006481908387458312)
((0.6, 0.2, 0.01, 1000), 0.00648969658945628)
((0.3, 0.2, 0.001, 1000), 0.006490012354908027)
((0.1, 0.8, 1e-12, 1000), 0.0064948298030989325)
((0.5, 0.4, 0.01, 1000), 0.006499170196658334)
((0.2, 0.1, 0.0001, 1000), 0.006501529380136022)
((0.5, 0.1, 1e-07, 1000), 0.006514373643884958)
((0.5, 0.3, 0.01, 1000), 0.006517453069054841)
((0.4, 0.6, 1e-07, 1000), 0.0065233202389877315)
((0.4, 0.7, 0.01, 1000), 0.006549208063785613)
((0.5, 0.5, 0.01, 1000), 0.006552292231328477)
((0.1, 0.3, 0.0001, 1000), 0.006555534955103892)
((0.6, 0.1, 0.001, 1000), 0.0065716455136788626)
((0.8, 0.4, 1e-05, 1000), 0.006575640557427279)
((0.4, 0.2, 0.001, 1000), 0.0065757448892135185)
((0.3, 0.3, 0.001, 1000), 0.00657632996918892)
((0.2, 0.5, 0.001, 1000), 0.006577442303473275)
((0.1, 0.1, 1e-05, 1000), 0.006579976793518433)
((0.3, 0.1, 0.0001, 1000), 0.006593055466987548)
((0.1, 0.2, 0.0001, 1000), 0.006596353853952499)
((0.5, 0.6, 1e-06, 1000), 0.00661230494688108)
((0.1, 0.3, 1e-05, 1000), 0.006615190189047196)
((0.1, 0.2, 1e-06, 1000), 0.006617858555613138)
((0.6, 0.4, 0.01, 1000), 0.006618408544389699)
((0.2, 0.6, 0.001, 1000), 0.006618553621295617)
((0.2, 0.2, 1e-05, 1000), 0.006623211958519377)
((0.1, 0.4, 1e-05, 1000), 0.006624661339632505)
((0.2, 0.4, 0.0001, 1000), 0.006629082884179002)
((0.8, 0.1, 0.01, 1000), 0.0066299738443283945)
((0.5, 0.1, 0.0001, 1000), 0.006632799491889347)
((0.4, 0.3, 0.001, 1000), 0.006632810663509061)
((0.3, 0.4, 0.001, 1000), 0.006633089352166448)
((0.2, 0.1, 1e-06, 1000), 0.00663606823907449)
((0.1, 0.5, 0.0001, 1000), 0.006636855480896153)
((0.2, 0.2, 0.0001, 1000), 0.006638285070543803)
((0.5, 0.7, 1e-06, 1000), 0.006638573625857523)
((0.3, 0.3, 0.0001, 1000), 0.006639700131506698)
((0.4, 0.1, 0.0001, 1000), 0.0066397435266102416)
((0.1, 0.4, 0.0001, 1000), 0.006640765284476142)
((0.2, 0.3, 0.0001, 1000), 0.006646107559736787)
((0.4, 0.4, 0.001, 1000), 0.006647360452050836)
((0.3, 0.1, 1e-05, 1000), 0.006649727667530692)
((0.4, 0.8, 0.01, 1000), 0.006656100701601423)
((0.1, 0.5, 1e-05, 1000), 0.006656610647399322)
((0.4, 0.2, 0.0001, 1000), 0.0066569576505418546)
((0.2, 0.1, 1e-05, 1000), 0.006658117839088323)
((0.3, 0.5, 0.001, 1000), 0.006659685584807735)
((0.3, 0.2, 0.0001, 1000), 0.006664169631291045)
((0.1, 0.2, 1e-05, 1000), 0.006665124733311524)
((0.1, 0.1, 1e-07, 1000), 0.006665174908029186)
((0.1, 0.1, 1e-06, 1000), 0.006665570281912105)
((0.4, 0.1, 1e-05, 1000), 0.006672433208566057)
((0.2, 0.3, 0.001, 1000), 0.0066738126017815876)
((0.2, 0.5, 0.0001, 1000), 0.006678035886817944)
((0.1, 0.7, 0.0001, 1000), 0.006680342462118467)
((0.1, 0.6, 0.0001, 1000), 0.0066820280664936366)
((0.5, 0.3, 0.001, 1000), 0.006697351243302703)
((0.5, 0.2, 0.001, 1000), 0.006698658069729098)
((0.1, 0.6, 1e-05, 1000), 0.00670237798524266)
((0.4, 0.5, 1e-08, 1000), 0.0067081413073547995)
((0.2, 0.7, 0.001, 1000), 0.006708471522117991)
((0.8, 0.9, 1e-07, 1000), 0.006713146146920665)
((0.7, 0.1, 0.001, 1000), 0.00671334005893265)
((0.8, 0.6, 0.0001, 1000), 0.006717570819047921)
((0.7, 0.5, 0.1, 1000), 0.006721528689069497)
((0.1, 0.8, 0.0001, 1000), 0.006724700590264353)
((0.2, 0.8, 0.001, 1000), 0.006733188148444569)
((0.1, 0.3, 1e-06, 1000), 0.006735624747412005)
((0.3, 0.6, 0.001, 1000), 0.006736293935598076)
((0.2, 0.9, 0.001, 1000), 0.006744343249727427)
((0.5, 0.6, 0.01, 1000), 0.006747439487174984)
((0.2, 0.6, 0.0001, 1000), 0.006775358499037617)
((0.1, 0.7, 1e-05, 1000), 0.006786892301079792)
((0.8, 0.8, 1e-06, 1000), 0.0067939243332972)
((0.6, 0.3, 0.01, 1000), 0.006802304448345797)
((0.1, 0.6, 1e-10, 1000), 0.00680364180425172)
((0.4, 0.4, 0.01, 1000), 0.006809455093943554)
((0.6, 0.5, 1e-07, 1000), 0.006816380070121445)
((0.3, 0.7, 0.001, 1000), 0.006831836966839618)
((0.7, 0.1, 0.01, 1000), 0.006835045702720231)
((0.2, 0.7, 0.0001, 1000), 0.006838100423596919)
((0.6, 0.2, 0.001, 1000), 0.006854393266136762)
((0.2, 0.3, 1e-05, 1000), 0.006863291902389107)
((0.4, 0.5, 0.001, 1000), 0.006864898566448762)
((0.1, 0.9, 0.0001, 1000), 0.006866942427332961)
((0.1, 0.9, 1e-05, 1000), 0.006871327098051579)
((0.7, 0.6, 0.1, 1000), 0.006871815829716195)
((0.1, 0.8, 1e-05, 1000), 0.0068769592382308935)
((0.9, 0.5, 0.001, 1000), 0.006882377740396002)
((0.5, 0.9, 0.01, 1000), 0.00688398384200997)
((0.1, 0.7, 1e-10, 1000), 0.00688837982250272)
((0.3, 0.8, 0.001, 1000), 0.006893028751497516)
((0.2, 0.9, 0.0001, 1000), 0.006897106625868852)
((0.5, 0.6, 1e-07, 1000), 0.006909851946819892)
((0.7, 0.4, 0.1, 1000), 0.006932544356608745)
((0.3, 0.6, 1e-08, 1000), 0.0069569129691008135)
((0.3, 0.9, 0.001, 1000), 0.006959873834874232)
((0.7, 0.5, 1e-05, 1000), 0.006962026868623407)
((0.5, 0.8, 0.01, 1000), 0.006962504961199681)
((0.8, 0.5, 0.0001, 1000), 0.006965223240897021)
((0.5, 0.7, 0.01, 1000), 0.006965591717995812)
((0.2, 0.8, 0.0001, 1000), 0.0069738021515737955)
((0.7, 0.9, 1e-08, 1000), 0.007010714642641872)
((0.3, 0.4, 0.0001, 1000), 0.007041978515760099)
((0.6, 0.5, 0.01, 1000), 0.007061274585219008)
((0.1, 0.4, 1e-06, 1000), 0.007072164095619974)
((0.6, 0.7, 1e-06, 1000), 0.007072924754979413)
((0.3, 0.1, 1e-06, 1000), 0.007096214358905755)
((0.6, 0.7, 1e-05, 1000), 0.007159023923170478)
((0.4, 0.1, 1e-10, 1000), 0.007175470038557271)
((0.4, 0.6, 0.001, 1000), 0.007183543427158679)
((0.9, 0.9, 1e-07, 1000), 0.007208701627837677)
((0.3, 0.8, 1e-08, 1000), 0.007222120996047672)
((0.8, 0.7, 0.0001, 1000), 0.007223635977214836)
((0.2, 0.9, 1e-09, 1000), 0.007234447092804942)
((0.7, 0.8, 1e-07, 1000), 0.007240834706638348)
((0.1, 0.8, 1e-10, 1000), 0.0072429230762207746)
((0.5, 0.1, 1e-06, 1000), 0.00726189907900162)
((0.1, 0.6, 1e-11, 1000), 0.007262534394356525)
((0.5, 0.1, 1e-09, 1000), 0.007275460579238061)
((0.3, 0.7, 1e-08, 1000), 0.007277460563242293)
((0.4, 0.9, 0.001, 1000), 0.007277709586149993)
((0.1, 0.9, 1e-09, 1000), 0.0072796761278543)
((0.6, 0.1, 0.0001, 1000), 0.007286884665712794)
((0.4, 0.5, 1e-07, 1000), 0.007290431111342854)
((0.7, 0.7, 1e-05, 1000), 0.0072908604674249795)
((0.9, 0.4, 0.001, 1000), 0.007319904519421456)
((0.8, 0.4, 0.1, 1000), 0.007328556039633387)
((0.4, 0.1, 0.001, 1000), 0.007330990413219395)
((0.3, 0.7, 0.01, 1000), 0.007337381831584394)
((0.2, 0.7, 1e-09, 1000), 0.00735013563685481)
((0.2, 0.1, 1e-12, 1000), 0.007354478599914531)
((0.9, 0.6, 0.001, 1000), 0.007357285762350318)
((0.7, 0.6, 1e-06, 1000), 0.007362082727015216)
((0.6, 0.9, 1e-07, 1000), 0.007371622282771392)
((0.5, 0.2, 1e-09, 1000), 0.007374101468852673)
((0.3, 0.1, 1e-11, 1000), 0.007374523861080479)
((0.4, 0.7, 0.001, 1000), 0.007400607920234953)
((0.6, 0.9, 0.01, 1000), 0.007407897584929343)
((0.1, 0.7, 0.001, 1000), 0.00741891423158666)
((0.2, 0.8, 1e-09, 1000), 0.00742526699717801)
((0.3, 0.9, 1e-07, 1000), 0.007426438086555089)
((0.4, 0.9, 1e-08, 1000), 0.007432967458872446)
((0.7, 0.8, 1e-06, 1000), 0.007471900073241769)
((0.5, 0.8, 1e-07, 1000), 0.007480246744285939)
((0.3, 0.6, 0.01, 1000), 0.007500550925406799)
((0.8, 0.9, 1e-06, 1000), 0.00750902995149417)
((0.4, 0.9, 0.01, 1000), 0.0075261025283334705)
((0.7, 0.7, 0.1, 1000), 0.0075270559676825525)
((0.7, 0.8, 1e-05, 1000), 0.007538108853738479)
((0.7, 0.3, 1e-06, 1000), 0.007544096827075533)
((0.6, 0.3, 1e-07, 1000), 0.007550681369442118)
((0.4, 0.8, 0.001, 1000), 0.007563294857164015)
((0.5, 0.3, 1e-08, 1000), 0.00756767919411094)
((0.5, 0.7, 1e-07, 1000), 0.007569066546277804)
((0.1, 0.9, 1e-10, 1000), 0.0075966510757786996)
((0.2, 0.1, 1e-11, 1000), 0.007601623963784946)
((0.7, 0.9, 1e-07, 1000), 0.007617410594631559)
((0.4, 0.6, 1e-08, 1000), 0.007620479656382872)
((0.3, 0.8, 1e-07, 1000), 0.0076236696860072575)
((0.2, 0.4, 1e-09, 1000), 0.00762783926512409)
((0.5, 0.9, 1e-06, 1000), 0.007652339276432866)
((0.6, 0.6, 0.01, 1000), 0.007653359361889022)
((0.4, 0.8, 1e-06, 1000), 0.007664381644718245)
((0.4, 0.2, 1e-08, 1000), 0.007676704850701235)
((0.1, 0.5, 1e-06, 1000), 0.007676891944430843)
((0.4, 0.1, 1e-09, 1000), 0.007681304645158266)
((0.9, 0.7, 0.0001, 1000), 0.007682518106173557)
((0.9, 0.7, 1e-05, 1000), 0.007682834598968311)
((0.2, 0.5, 1e-09, 1000), 0.00768823095880757)
((0.3, 0.2, 1e-09, 1000), 0.007694897021843767)
((0.1, 0.6, 0.001, 1000), 0.00769837174336848)
((0.4, 0.8, 1e-08, 1000), 0.0077027123579277105)
((0.3, 0.1, 1e-10, 1000), 0.0077084768385374276)
((0.2, 0.2, 1e-09, 1000), 0.00771205366779913)
((0.9, 0.9, 1e-05, 1000), 0.007715844188485055)
((0.1, 0.1, 1e-12, 1000), 0.007716897428883135)
((0.3, 0.6, 1e-09, 1000), 0.007721962700783748)
((0.1, 0.8, 1e-09, 1000), 0.007731656270657913)
((0.5, 0.9, 1e-08, 1000), 0.007732096901097957)
((0.8, 0.9, 1e-05, 1000), 0.007732824789782152)
((0.2, 0.6, 1e-10, 1000), 0.007734726063284408)
((0.3, 0.9, 1e-09, 1000), 0.007739058520827149)
((0.9, 0.8, 0.01, 1000), 0.007739159518532088)
((0.4, 0.7, 1e-07, 1000), 0.0077446616120825165)
((0.2, 0.7, 1e-08, 1000), 0.007751419943295833)
((0.2, 0.9, 1e-08, 1000), 0.007758471772134207)
((0.3, 0.2, 1e-08, 1000), 0.007758620130435125)
((0.5, 0.4, 1e-07, 1000), 0.007760446099232201)
((0.1, 0.4, 1e-12, 1000), 0.007760690834830232)
((0.6, 0.2, 1e-07, 1000), 0.007766659116713362)
((0.5, 0.1, 1e-08, 1000), 0.007773344890992905)
((0.7, 0.7, 1e-06, 1000), 0.007777200068578462)
((0.3, 0.6, 1e-07, 1000), 0.007782728591265044)
((0.2, 0.2, 1e-10, 1000), 0.007791572914931174)
((0.4, 0.4, 1e-08, 1000), 0.0077946721194438896)
((0.4, 0.7, 1e-08, 1000), 0.0078017872266552945)
((0.1, 0.2, 1e-10, 1000), 0.0078018575085978025)
((0.6, 0.1, 1e-07, 1000), 0.007804119906224288)
((0.6, 0.4, 1e-06, 1000), 0.007811992578616334)
((0.7, 0.2, 1e-06, 1000), 0.007812531478260568)
((0.1, 0.8, 0.001, 1000), 0.007823307832560873)
((0.6, 0.3, 1e-06, 1000), 0.007826992173365388)
((0.6, 0.8, 0.01, 1000), 0.007830820002484723)
((0.7, 0.8, 0.001, 1000), 0.00783321526250781)
((0.5, 0.2, 1e-08, 1000), 0.007836454799490163)
((0.3, 0.3, 1e-08, 1000), 0.007842559754538615)
((0.5, 0.8, 0.0001, 1000), 0.007852798838860737)
((0.7, 0.2, 1e-05, 1000), 0.007852891599024098)
((0.8, 0.8, 1e-05, 1000), 0.007855491450793593)
((0.7, 0.3, 1e-05, 1000), 0.007857045341483494)
((0.1, 0.7, 1e-11, 1000), 0.007866559660907787)
((0.6, 0.7, 0.01, 1000), 0.007866620172100628)
((0.1, 0.9, 1e-06, 1000), 0.007867960402854573)
((0.6, 0.2, 1e-06, 1000), 0.007875081423614415)
((0.2, 0.3, 1e-09, 1000), 0.007875969272155434)
((0.2, 0.9, 1e-10, 1000), 0.00788459544551072)
((0.2, 0.9, 1e-06, 1000), 0.007885145184638617)
((0.7, 0.4, 1e-05, 1000), 0.007885376697139217)
((0.3, 0.5, 0.0001, 1000), 0.007887964687153238)
((0.1, 0.8, 1e-11, 1000), 0.00789339078823929)
((0.3, 0.9, 0.0001, 1000), 0.007897540871333738)
((0.6, 0.8, 1e-07, 1000), 0.007906717589645656)
((0.4, 0.3, 1e-07, 1000), 0.007906762089399081)
((0.7, 0.3, 0.1, 1000), 0.007909011110053392)
((0.4, 0.2, 1e-07, 1000), 0.007917266418482288)
((0.1, 0.5, 1e-12, 1000), 0.00791934989331423)
((0.5, 0.3, 1e-07, 1000), 0.007919749059837116)
((0.3, 0.4, 1e-08, 1000), 0.007923600067530477)
((0.5, 0.2, 1e-07, 1000), 0.007940170833792662)
((0.3, 0.7, 1e-07, 1000), 0.00794135796453026)
((0.7, 0.3, 0.01, 1000), 0.007943099912984617)
((0.4, 0.3, 1e-08, 1000), 0.007944995562221004)
((0.1, 0.3, 1e-10, 1000), 0.007945628907963442)
((0.2, 0.2, 1e-08, 1000), 0.007953496549307685)
((0.6, 0.6, 1e-05, 1000), 0.00795736983316365)
((0.6, 0.9, 0.0001, 1000), 0.007960811190841788)
((0.3, 0.8, 0.01, 1000), 0.00796181491168707)
((0.5, 0.5, 1e-06, 1000), 0.007975312621298988)
((0.8, 0.1, 1e-06, 1000), 0.007983260785182595)
((0.1, 0.2, 1e-11, 1000), 0.00800066921879732)
((0.2, 0.4, 1e-05, 1000), 0.008003722782769788)
((0.3, 0.3, 1e-09, 1000), 0.00801095956181376)
((0.5, 0.4, 0.001, 1000), 0.008014186810485432)
((0.8, 0.2, 1e-05, 1000), 0.008025008227200554)
((0.3, 0.2, 1e-10, 1000), 0.008038560103572978)
((0.2, 0.3, 1e-08, 1000), 0.008047247655680833)
((0.6, 0.1, 1e-08, 1000), 0.00804924350755742)
((0.8, 0.3, 0.0001, 1000), 0.008058728679578638)
((0.4, 0.9, 1e-09, 1000), 0.008059051681852909)
((0.6, 0.8, 1e-05, 1000), 0.008082986243696218)
((0.4, 0.2, 1e-09, 1000), 0.008087864067448764)
((0.8, 0.4, 0.0001, 1000), 0.0080885362127402)
((0.1, 0.4, 1e-13, 1000), 0.008089166904198617)
((0.2, 0.8, 1e-10, 1000), 0.008091166182555329)
((0.5, 0.8, 1e-06, 1000), 0.008094157965938492)
((0.5, 0.2, 1e-06, 1000), 0.008100028383314558)
((0.6, 0.9, 1e-08, 1000), 0.008100204623668922)
((0.9, 0.8, 0.0001, 1000), 0.008101973396913802)
((0.5, 0.8, 1e-08, 1000), 0.00810371612189162)
((0.3, 0.8, 1e-09, 1000), 0.00811210330092168)
((0.2, 0.4, 1e-11, 1000), 0.008112183707228507)
((0.5, 0.2, 0.01, 1000), 0.008112281957721795)
((0.7, 0.6, 1e-07, 1000), 0.008126341423254775)
((0.3, 0.9, 1e-08, 1000), 0.008128760635411141)
((0.4, 0.9, 1e-10, 1000), 0.008133826458127625)
((0.2, 0.7, 1e-10, 1000), 0.008146771183151165)
((0.2, 0.2, 1e-11, 1000), 0.008148996367017297)
((0.4, 0.8, 1e-07, 1000), 0.00817739204821501)
((0.5, 0.9, 1e-07, 1000), 0.008177405012239172)
((0.5, 0.4, 1e-06, 1000), 0.008183113937429657)
((0.7, 0.1, 1e-07, 1000), 0.008190031336385798)
((0.1, 0.3, 1e-13, 1000), 0.008199393250418893)
((0.9, 0.8, 1e-06, 1000), 0.008213670385470339)
((0.3, 0.5, 1e-08, 1000), 0.008216654724720874)
((0.9, 0.9, 0.001, 1000), 0.008218033759647667)
((0.3, 0.9, 1e-10, 1000), 0.008219573060290369)
((0.6, 0.8, 1e-06, 1000), 0.008233003428572016)
((0.2, 0.4, 1e-08, 1000), 0.008253966985075299)
((0.6, 0.7, 1e-07, 1000), 0.008262189853895135)
((0.4, 0.7, 1e-06, 1000), 0.008263638023643136)
((0.6, 0.9, 1e-06, 1000), 0.00827170419601646)
((0.6, 0.6, 1e-07, 1000), 0.008272287801325497)
((0.4, 0.3, 0.01, 1000), 0.00828017951699244)
((0.3, 0.5, 0.01, 1000), 0.008287301130816778)
((0.3, 0.7, 1e-09, 1000), 0.00829676006265362)
((0.8, 0.8, 0.1, 1000), 0.008303711594120508)
((0.4, 0.4, 1e-07, 1000), 0.00830518449625669)
((0.5, 0.9, 0.001, 1000), 0.00831371300591459)
((0.5, 0.6, 1e-08, 1000), 0.008314904678920992)
((0.1, 0.7, 1e-12, 1000), 0.008317620087683572)
((0.9, 0.5, 0.1, 1000), 0.008317931230786965)
((0.2, 0.3, 1e-10, 1000), 0.008324930947703986)
((0.2, 0.4, 1e-10, 1000), 0.008349862802552777)
((0.3, 0.7, 1e-10, 1000), 0.00835918866482075)
((0.5, 0.7, 1e-08, 1000), 0.008364491778250757)
((0.4, 0.4, 1e-09, 1000), 0.00838989230254208)
((0.6, 0.6, 1e-08, 1000), 0.008394542179570346)
((0.4, 0.4, 1e-06, 1000), 0.0084007627682117)
((0.3, 0.3, 1e-07, 1000), 0.00840929053160773)
((0.1, 0.6, 1e-12, 1000), 0.008411981490848808)
((0.5, 0.3, 1e-06, 1000), 0.008416698507236909)
((0.5, 0.5, 1e-08, 1000), 0.008426276168831513)
((0.7, 0.9, 1e-05, 1000), 0.008433835074671152)
((0.4, 0.7, 1e-09, 1000), 0.008436213237690567)
((0.3, 0.2, 1e-07, 1000), 0.008458179684489725)
((0.5, 0.4, 1e-08, 1000), 0.00846240152975471)
((0.3, 0.1, 1e-07, 1000), 0.008463743532430545)
((0.2, 0.5, 1e-08, 1000), 0.008473678130061835)
((0.8, 0.6, 1e-06, 1000), 0.008507691032218219)
((0.7, 0.7, 1e-07, 1000), 0.00851232083537188)
((0.4, 0.6, 1e-09, 1000), 0.008520189411707756)
((0.6, 0.4, 1e-05, 1000), 0.008552609977104737)
((0.6, 0.5, 1e-05, 1000), 0.008553668223640981)
((0.3, 0.4, 1e-07, 1000), 0.008560217702435403)
((0.7, 0.9, 0.01, 1000), 0.008562659055956198)
((0.1, 0.4, 1e-11, 1000), 0.008581634129330763)
((0.6, 0.8, 1e-08, 1000), 0.0085978382308256)
((0.8, 0.8, 0.0001, 1000), 0.008608221135293474)
((0.1, 0.3, 1e-09, 1000), 0.008617505644770627)
((0.4, 0.8, 1e-09, 1000), 0.008619148042492447)
((0.3, 0.5, 1e-07, 1000), 0.008620612942239307)
((0.2, 0.2, 1e-12, 1000), 0.00863493201913212)
((0.8, 0.7, 1e-06, 1000), 0.008639710596479392)
((0.4, 0.9, 1e-05, 1000), 0.008656432054298386)
((0.4, 0.5, 1e-06, 1000), 0.008660255155576035)
((0.3, 0.8, 1e-05, 1000), 0.00866468026927401)
((0.5, 0.9, 1e-09, 1000), 0.008681426566982398)
((0.1, 0.6, 1e-06, 1000), 0.008692435390791904)
((0.1, 0.5, 0.001, 1000), 0.008700922886842927)
((0.3, 0.4, 1e-09, 1000), 0.008716745431445273)
((0.8, 0.7, 0.1, 1000), 0.008728483342143167)
((0.1, 0.5, 1e-10, 1000), 0.00873752015564344)
((0.3, 0.3, 1e-10, 1000), 0.008751930961888333)
((0.1, 0.7, 1e-09, 1000), 0.008760876992273051)
((0.3, 0.6, 0.0001, 1000), 0.008765201715119374)
((0.8, 0.2, 0.1, 1000), 0.00878034293693364)
((0.9, 0.7, 0.001, 1000), 0.008787590771896076)
((0.4, 0.9, 1e-06, 1000), 0.008802461170584842)
((0.4, 0.3, 1e-06, 1000), 0.008825991807974814)
((0.2, 0.8, 1e-08, 1000), 0.008829270945717338)
((0.2, 0.9, 1e-05, 1000), 0.008845732257334666)
((0.9, 0.1, 0.001, 1000), 0.008859743091180622)
((0.2, 0.3, 1e-11, 1000), 0.00886579166954592)
((0.2, 0.6, 1e-08, 1000), 0.008866339061463011)
((0.5, 0.7, 1e-10, 1000), 0.008867977493064732)
((0.1, 0.2, 1e-12, 1000), 0.008873692556379329)
((0.3, 0.4, 1e-10, 1000), 0.008899910831223497)
((0.4, 0.9, 1e-07, 1000), 0.008904521196438822)
((0.1, 0.4, 1e-09, 1000), 0.008918706580464023)
((0.7, 0.9, 1e-06, 1000), 0.008932316210026587)
((0.5, 0.5, 1e-09, 1000), 0.0089532577206982)
((0.4, 0.6, 1e-06, 1000), 0.00896550151671973)
((0.1, 0.8, 1e-06, 1000), 0.008998458096190098)
((0.7, 0.8, 0.1, 1000), 0.009017484973000143)
((0.6, 0.3, 1e-05, 1000), 0.00904056524688802)
((0.8, 0.5, 1e-06, 1000), 0.009059127475178282)
((0.6, 0.6, 0.1, 1000), 0.009060463340112646)
((0.5, 0.2, 0.0001, 1000), 0.00909770787627465)
((0.2, 0.1, 1e-08, 1000), 0.00910271918794873)
((0.2, 0.7, 1e-07, 1000), 0.00911295779774689)
((0.7, 0.6, 0.0001, 1000), 0.009116921081258432)
((0.4, 0.2, 1e-10, 1000), 0.0091407027628168)
((0.8, 0.5, 0.1, 1000), 0.009184267904176074)
((0.4, 0.5, 1e-10, 1000), 0.009196037489895465)
((0.9, 0.1, 1e-06, 1000), 0.009199636539843624)
((0.1, 0.8, 1e-07, 1000), 0.009202380747030172)
((0.7, 0.7, 0.001, 1000), 0.00922618249235991)
((0.1, 0.3, 1e-12, 1000), 0.009235089817703337)
((0.8, 0.2, 0.01, 1000), 0.009242201608516326)
((0.2, 0.5, 1e-07, 1000), 0.009298125711002457)
((0.2, 0.2, 0.001, 1000), 0.009300720316761104)
((0.3, 0.8, 0.0001, 1000), 0.009303334083786134)
((0.5, 0.5, 1e-05, 1000), 0.009310938188541423)
((0.7, 0.4, 0.0001, 1000), 0.009319533669800706)
((0.6, 0.5, 0.1, 1000), 0.009323958013722619)
((0.7, 0.5, 0.0001, 1000), 0.009336829227863698)
((0.5, 0.4, 1e-05, 1000), 0.009338491776374672)
((0.7, 0.2, 0.0001, 1000), 0.009342914147747499)
((0.8, 0.1, 0.0001, 1000), 0.009379304873454633)
((0.4, 0.3, 1e-11, 1000), 0.00938326457088962)
((0.8, 0.6, 0.01, 1000), 0.00941802585067619)
((0.2, 0.6, 1e-07, 1000), 0.009471022543635774)
((0.1, 0.2, 1e-07, 1000), 0.009483077731499)
((0.7, 0.3, 0.0001, 1000), 0.009517500415449104)
((0.5, 0.6, 1e-05, 1000), 0.009531026633974145)
((0.8, 0.4, 0.001, 1000), 0.009537163356590394)
((0.2, 0.4, 1e-07, 1000), 0.009543395513923773)
((0.1, 0.2, 1e-13, 1000), 0.009544247016116048)
((0.9, 0.7, 0.01, 1000), 0.009552390943456168)
((0.1, 0.7, 1e-06, 1000), 0.009562808955813355)
((0.8, 0.9, 0.001, 1000), 0.009574674969408753)
((0.3, 0.7, 0.0001, 1000), 0.009579672244029863)
((0.8, 0.8, 0.001, 1000), 0.009584863229151629)
((0.8, 0.3, 0.001, 1000), 0.009585850796603368)
((0.1, 0.2, 1e-09, 1000), 0.009592851425159716)
((0.8, 0.6, 0.1, 1000), 0.009597899013232972)
((0.9, 0.4, 0.01, 1000), 0.009630410267003748)
((0.9, 0.6, 0.1, 1000), 0.009641838236148729)
((0.8, 0.2, 0.001, 1000), 0.009647426443217186)
((0.4, 0.2, 1e-06, 1000), 0.00965254310524736)
((0.8, 0.1, 1e-07, 1000), 0.009654327839712564)
((0.1, 0.6, 1e-09, 1000), 0.009662617335008745)
((0.6, 0.7, 0.1, 1000), 0.00968495301601209)
((0.2, 0.8, 1e-07, 1000), 0.009704912600098875)
((0.2, 0.8, 1e-06, 1000), 0.009724192569542477)
((0.6, 0.2, 1e-05, 1000), 0.009823590718975629)
((0.1, 0.3, 1e-11, 1000), 0.009840233602900168)
((0.1, 0.4, 1e-10, 1000), 0.009880314754147114)
((0.1, 0.5, 1e-09, 1000), 0.009892817692233435)
((0.3, 0.2, 1e-11, 1000), 0.009915596773557698)
((0.7, 0.7, 0.0001, 1000), 0.00996891560042628)
((0.9, 0.3, 0.01, 1000), 0.009978468647744534)
((0.5, 0.3, 1e-05, 1000), 0.009984184394966929)
((0.5, 0.7, 1e-05, 1000), 0.010023884426810153)
((0.7, 0.2, 0.001, 1000), 0.010037247572756246)
((0.2, 0.5, 1e-05, 1000), 0.01005966418323716)
((0.2, 0.1, 1e-07, 1000), 0.010069210453007819)
((0.7, 0.9, 0.0001, 1000), 0.010096873456039499)
((0.3, 0.4, 0.01, 1000), 0.010097951451195224)
((0.9, 0.4, 0.1, 1000), 0.010183010095926941)
((0.9, 0.2, 0.01, 1000), 0.01018722727675023)
((0.1, 0.9, 0.001, 1000), 0.010277938585468112)
((0.6, 0.4, 1e-09, 1000), 0.010362418917050236)
((0.8, 0.3, 0.01, 1000), 0.010380408484311258)
((0.3, 0.7, 1e-05, 1000), 0.010392108637284814)
((0.5, 0.5, 0.001, 1000), 0.010404663092461349)
((0.9, 0.9, 0.1, 1000), 0.01042438751063873)
((0.3, 0.5, 1e-06, 1000), 0.01044961967668735)
((0.1, 0.8, 1e-08, 1000), 0.010456319279130526)
((0.8, 0.7, 0.01, 1000), 0.010474999278726634)
((0.2, 0.3, 1e-07, 1000), 0.01049482589339704)
((0.9, 0.9, 1e-09, 1000), 0.010587189032870693)
((0.3, 0.6, 1e-06, 1000), 0.010596706698257085)
((0.3, 0.7, 1e-06, 1000), 0.010600874248238357)
((0.6, 0.4, 0.1, 1000), 0.010628205691469493)
((0.5, 0.8, 1e-05, 1000), 0.010631777316589252)
((0.1, 0.7, 1e-08, 1000), 0.010642676632482534)
((0.3, 0.2, 1e-05, 1000), 0.010657717379722905)
((0.1, 0.7, 1e-07, 1000), 0.01065805586232364)
((0.5, 0.1, 1e-05, 1000), 0.01069387706941299)
((0.3, 0.9, 0.01, 1000), 0.010718332959694855)
((0.3, 0.8, 1e-06, 1000), 0.010724650766350256)
((0.4, 0.3, 0.0001, 1000), 0.010840223732596788)
((0.5, 0.8, 0.001, 1000), 0.010848732895249565)
((0.1, 0.6, 1e-08, 1000), 0.010855610961219191)
((0.4, 0.2, 1e-05, 1000), 0.010862869262706791)
((0.1, 0.4, 0.001, 1000), 0.0108699384893914)
((0.1, 0.5, 1e-08, 1000), 0.010887084476054572)
((0.3, 0.4, 1e-06, 1000), 0.01092691135251618)
((0.6, 0.1, 0.01, 1000), 0.010952952951734029)
((0.8, 0.5, 0.001, 1000), 0.010970779015772071)
((0.8, 0.4, 0.01, 1000), 0.011021816792692441)
((0.5, 0.7, 0.0001, 1000), 0.01103654198993733)
((0.7, 0.6, 0.001, 1000), 0.011064839286786539)
((0.8, 0.5, 0.01, 1000), 0.011072639592058828)
((0.9, 0.1, 0.1, 1000), 0.011188818460696477)
((0.8, 0.9, 0.01, 1000), 0.011218177958307986)
((0.7, 0.8, 0.01, 1000), 0.01122388666765602)
((0.8, 0.1, 0.1, 1000), 0.011291158993279496)
((0.7, 0.2, 0.1, 1000), 0.011445222489073516)
((0.1, 0.4, 1e-08, 1000), 0.011446827418109089)
((0.8, 0.9, 0.1, 1000), 0.011459522625223834)
((0.1, 0.9, 1e-07, 1000), 0.011475978755624918)
((0.1, 0.1, 1e-09, 1000), 0.011482405437305221)
((0.5, 0.9, 0.0001, 1000), 0.011548250132384618)
((0.5, 0.6, 0.0001, 1000), 0.011661060011378298)
((0.6, 0.9, 0.001, 1000), 0.011782360976653928)
((0.2, 0.7, 1e-06, 1000), 0.011810066323661574)
((0.6, 0.1, 1e-05, 1000), 0.011943203949293824)
((0.6, 0.8, 0.1, 1000), 0.011943299395108168)
((0.5, 0.6, 0.001, 1000), 0.01196512766397638)
((0.5, 0.7, 0.001, 1000), 0.01198840239542567)
((0.3, 0.1, 0.001, 1000), 0.012006922043952149)
((0.8, 0.6, 0.001, 1000), 0.012034656507052018)
((0.5, 0.5, 0.0001, 1000), 0.012045751130344728)
((0.3, 0.9, 1e-05, 1000), 0.012074483262183413)
((0.5, 0.2, 1e-05, 1000), 0.01209985362149987)
((0.2, 0.8, 1e-05, 1000), 0.012262846114625274)
((0.6, 0.6, 0.001, 1000), 0.01226673545232834)
((0.9, 0.5, 0.01, 1000), 0.012323479277187915)
((0.5, 0.4, 0.0001, 1000), 0.012352379355257358)
((0.2, 0.6, 1e-06, 1000), 0.012537348749578495)
((0.6, 0.5, 0.0001, 1000), 0.012538761633103832)
((0.6, 0.5, 0.001, 1000), 0.012582816313551758)
((0.2, 0.5, 1e-06, 1000), 0.012595879592424596)
((0.9, 0.3, 0.1, 1000), 0.012708020342843879)
((0.9, 0.1, 0.01, 1000), 0.012754533282902623)
((0.3, 0.6, 1e-05, 1000), 0.012756282372194136)
((0.6, 0.8, 0.0001, 1000), 0.012788598659154873)
((0.8, 0.9, 0.0001, 1000), 0.012836580507988209)
((0.9, 0.7, 0.1, 1000), 0.012864881466554928)
((0.6, 0.7, 0.001, 1000), 0.012890375459101199)
((0.4, 0.9, 0.0001, 1000), 0.01295414053106003)
((0.6, 0.6, 0.0001, 1000), 0.012956199407515497)
((0.2, 0.4, 1e-06, 1000), 0.012975817221733745)
((0.1, 0.6, 1e-07, 1000), 0.012987941479622959)
((0.3, 0.3, 1e-06, 1000), 0.012990464964236035)
((0.9, 0.1, 1e-08, 1000), 0.01318677635585059)
((0.7, 0.3, 0.001, 1000), 0.013188336510564107)
((0.6, 0.2, 0.0001, 1000), 0.013225543212149027)
((0.2, 0.6, 1e-05, 1000), 0.013315145533136289)
((0.1, 0.1, 0.0001, 1000), 0.013396469287179497)
((0.4, 0.6, 1e-05, 1000), 0.013413743720178714)
((0.5, 0.9, 1e-05, 1000), 0.01341397777291408)
((0.2, 0.7, 0.01, 1000), 0.013468395218742551)
((0.4, 0.2, 0.01, 1000), 0.01348941175874966)
((0.7, 0.7, 0.01, 1000), 0.01352947287314846)
((0.3, 0.9, 1e-06, 1000), 0.013595025345478316)
((0.3, 0.5, 1e-05, 1000), 0.013602771965828795)
((0.6, 0.4, 0.0001, 1000), 0.013615409359404848)
((0.6, 0.9, 1e-05, 1000), 0.01362029509047572)
((0.5, 0.3, 0.0001, 1000), 0.013681571465194244)
((0.4, 0.5, 1e-05, 1000), 0.013805964089182013)
((0.9, 0.2, 0.1, 1000), 0.013849715937501377)
((0.4, 0.6, 0.0001, 1000), 0.01394473968202136)
((0.4, 0.7, 0.0001, 1000), 0.01397524383699949)
((0.6, 0.3, 0.1, 1000), 0.013981239840344462)
((0.4, 0.1, 1e-06, 1000), 0.01401214956127472)
((0.1, 0.5, 1e-07, 1000), 0.014029534827884774)
((0.7, 0.5, 0.001, 1000), 0.014049979809024383)
((0.7, 0.4, 0.01, 1000), 0.014092257885667949)
((0.9, 0.8, 0.1, 1000), 0.014161333799248351)
((0.2, 0.6, 0.01, 1000), 0.014164021155692366)
((0.1, 0.3, 1e-08, 1000), 0.014226005166313657)
((0.3, 0.3, 0.01, 1000), 0.014323647323656206)
((0.7, 0.8, 0.0001, 1000), 0.014361464772297518)
((0.5, 0.6, 0.1, 1000), 0.014454957999239437)
((0.4, 0.8, 1e-05, 1000), 0.01447455517899248)
((0.6, 0.4, 0.001, 1000), 0.014564858934971364)
((0.4, 0.8, 0.0001, 1000), 0.01463365999996181)
((0.7, 0.9, 0.1, 1000), 0.014633876593507575)
((0.9, 0.6, 0.01, 1000), 0.014701853262097078)
((0.1, 0.4, 1e-07, 1000), 0.014801412878908207)
((0.2, 0.7, 1e-05, 1000), 0.014838753250749851)
((0.3, 0.4, 1e-05, 1000), 0.014840696302454534)
((0.2, 0.9, 1e-07, 1000), 0.014882515866992813)
((0.8, 0.1, 0.001, 1000), 0.014908923420719599)
((0.2, 0.8, 0.01, 1000), 0.014943604264414916)
((0.6, 0.8, 0.001, 1000), 0.01497108510344625)
((0.5, 0.7, 0.1, 1000), 0.015047473694444327)
((0.4, 0.5, 0.0001, 1000), 0.01508326287784223)
((0.7, 0.1, 0.0001, 1000), 0.015128711049717877)
((0.2, 0.2, 1e-07, 1000), 0.015129513158374332)
((0.9, 0.8, 0.001, 1000), 0.015131618838784592)
((0.6, 0.3, 0.0001, 1000), 0.015224253623861133)
((0.7, 0.4, 0.001, 1000), 0.015374260814743688)
((0.1, 0.1, 1e-08, 1000), 0.015430529946557948)
((0.4, 0.7, 1e-05, 1000), 0.015456298397535694)
((0.1, 0.9, 1e-08, 1000), 0.015486896626059182)
((0.4, 0.4, 1e-05, 1000), 0.015568085010933765)
((0.7, 0.2, 0.01, 1000), 0.01557473856953358)
((0.8, 0.8, 0.01, 1000), 0.015607653430847761)
((0.5, 0.5, 0.1, 1000), 0.01571526878108439)
((0.1, 0.3, 0.001, 1000), 0.01589142556155215)
((0.8, 0.7, 0.001, 1000), 0.01605841757748689)
((0.2, 0.3, 1e-06, 1000), 0.01607253894400132)
((0.6, 0.7, 0.0001, 1000), 0.016300593436177735)
((0.7, 0.6, 0.01, 1000), 0.016426775779781907)
((0.9, 0.9, 0.0001, 1000), 0.01653520013595509)
((0.3, 0.3, 1e-05, 1000), 0.016650707483131886)
((0.2, 0.5, 0.01, 1000), 0.016693114253760473)
((0.3, 0.2, 1e-06, 1000), 0.016805141852438314)
((0.1, 0.2, 1e-08, 1000), 0.016827149429084344)
((0.4, 0.3, 1e-05, 1000), 0.01698841822666668)
((0.7, 0.5, 0.01, 1000), 0.016997272240668024)
((0.9, 0.9, 0.01, 1000), 0.017241641071060375)
((0.6, 0.3, 0.001, 1000), 0.017738250077244715)
((0.1, 0.3, 1e-07, 1000), 0.017934315643440106)
((0.7, 0.9, 0.001, 1000), 0.017977906497669633)
((0.4, 0.4, 0.0001, 1000), 0.01825028186701765)
((0.5, 0.8, 0.1, 1000), 0.018425422784627207)
((0.9, 0.1, 1e-11, 1000), 0.01885721242466641)
((0.5, 0.4, 0.1, 1000), 0.019260158136787144)
((0.9, 0.1, 1e-09, 1000), 0.01929258618204092)
((0.8, 0.1, 1e-08, 1000), 0.01933750915071483)
((0.2, 0.2, 1e-06, 1000), 0.019797784264263613)
((0.9, 0.1, 1e-10, 1000), 0.019960285166950618)
((0.5, 0.1, 0.01, 1000), 0.020696807978753767)
((0.6, 0.9, 0.1, 1000), 0.02084924300515363)
((0.2, 0.4, 0.01, 1000), 0.022010813791847245)
((0.2, 0.9, 0.01, 1000), 0.022605865260096544)
((0.9, 0.1, 1e-07, 1000), 0.023355801474711817)
((0.6, 0.2, 0.1, 1000), 0.023764625735828757)
((0.1, 0.9, 1e-13, 1000), 0.024564740841884654)
((0.4, 0.6, 0.1, 1000), 0.026205518073129784)
((0.4, 0.7, 0.1, 1000), 0.02637171930288776)
((0.3, 0.2, 0.01, 1000), 0.026727304891955576)
((0.2, 0.1, 0.001, 1000), 0.026797162559778737)
((0.5, 0.3, 0.1, 1000), 0.02727433905717499)
((0.7, 0.1, 0.1, 1000), 0.02928476724085443)
((0.4, 0.5, 0.1, 1000), 0.02939751981892951)
((0.1, 0.2, 0.001, 1000), 0.030614664921627784)
((0.4, 0.8, 0.1, 1000), 0.03126416456607804)
((0.5, 0.9, 0.1, 1000), 0.03163153926994448)
((0.2, 0.3, 0.01, 1000), 0.033496586165394346)
((0.4, 0.4, 0.1, 1000), 0.03698592410079681)
((0.7, 0.4, 1e-07, 1000), 0.040443383250606965)
((0.4, 0.1, 0.01, 1000), 0.04189068217917809)
((0.9, 0.9, 1e-08, 1000), 0.044555489699660576)
((0.6, 0.4, 1e-08, 1000), 0.04500383739840719)
((0.2, 0.8, 1e-11, 1000), 0.04838617936730743)
((0.5, 0.2, 0.1, 1000), 0.048799812108631144)
((0.4, 0.7, 1e-10, 1000), 0.04883677416247273)
((0.9, 0.7, 1e-07, 1000), 0.048901688475692456)
((0.9, 0.7, 1e-06, 1000), 0.04896449602788203)
((0.4, 0.8, 1e-10, 1000), 0.05039447046427408)
((0.8, 0.2, 0.0001, 1000), 0.05074148330762338)
((0.3, 0.7, 0.1, 1000), 0.051041439435019834)
((0.4, 0.9, 0.1, 1000), 0.05145404646338665)
((0.3, 0.6, 0.1, 1000), 0.05167527956074736)
((0.1, 0.9, 1e-11, 1000), 0.05184712524170222)
((0.9, 0.4, 1e-05, 1000), 0.05192584064212172)
((0.1, 0.7, 0.01, 1000), 0.05241347969860601)
((0.8, 0.7, 1e-07, 1000), 0.05259106119552831)
((0.4, 0.3, 0.1, 1000), 0.05341015847055511)
((0.6, 0.5, 1e-09, 1000), 0.053456436755260434)
((0.1, 0.6, 0.01, 1000), 0.05484516938766039)
((0.7, 0.3, 1e-08, 1000), 0.05581403293920677)
((0.3, 0.2, 1e-12, 1000), 0.05596815017582924)
((0.7, 0.1, 1e-06, 1000), 0.05619975126961824)
((0.7, 0.2, 1e-08, 1000), 0.0571459717490084)
((0.5, 0.5, 1e-10, 1000), 0.057618514122135846)
((0.9, 0.2, 0.0001, 1000), 0.05803802329457108)
((0.9, 0.2, 1e-05, 1000), 0.05812244229225406)
((0.1, 0.8, 0.01, 1000), 0.05813007094650079)
((0.8, 0.4, 1e-06, 1000), 0.05818813064923862)
((0.3, 0.5, 0.1, 1000), 0.05852637201809199)
((0.3, 0.8, 0.1, 1000), 0.058756544252584614)
((0.9, 0.5, 1e-05, 1000), 0.05912536765197198)
((0.1, 0.1, 1e-13, 1000), 0.05949943925232806)
((0.8, 0.8, 1e-07, 1000), 0.06014429445763192)
((0.9, 0.2, 0.001, 1000), 0.061410511812905605)
((0.1, 0.8, 1e-13, 1000), 0.06220275834613463)
((0.3, 0.4, 1e-12, 1000), 0.06227073086783712)
((0.6, 0.6, 1e-10, 1000), 0.06280501581335195)
((0.9, 0.3, 1e-05, 1000), 0.06354891940001231)
((0.1, 0.5, 0.01, 1000), 0.06391525514276551)
((0.7, 0.5, 1e-07, 1000), 0.06395457114698333)
((0.2, 0.2, 0.01, 1000), 0.06426266816427827)
((0.5, 0.7, 1e-09, 1000), 0.06433783376408653)
((0.9, 0.6, 1e-06, 1000), 0.06451279592572362)
((0.4, 0.1, 1e-07, 1000), 0.06519968081435926)
((0.5, 0.2, 1e-10, 1000), 0.06577479502635397)
((0.1, 0.6, 1e-14, 1000), 0.06612302366281617)
((0.3, 0.8, 1e-10, 1000), 0.06683981678063433)
((0.6, 0.1, 0.1, 1000), 0.06722146608670765)
((0.7, 0.3, 1e-07, 1000), 0.06729702972579867)
((0.3, 0.4, 1e-11, 1000), 0.06866355512058539)
((0.4, 0.2, 1e-12, 1000), 0.06878214882544229)
((0.6, 0.3, 1e-09, 1000), 0.06878956394684864)
((0.3, 0.3, 1e-11, 1000), 0.06910218870428649)
((0.3, 0.3, 1e-12, 1000), 0.06949373624743745)
((0.7, 0.7, 1e-09, 1000), 0.06964087654681714)
((0.2, 0.9, 1e-13, 1000), 0.07044007848271042)
((0.2, 0.6, 1e-12, 1000), 0.07091323933445322)
((0.3, 0.9, 1e-12, 1000), 0.07108780442997643)
((0.9, 0.8, 1e-08, 1000), 0.07128971114571482)
((0.7, 0.6, 1e-08, 1000), 0.07131509424803183)
((0.6, 0.5, 1e-08, 1000), 0.07150136291051162)
((0.4, 0.6, 1e-10, 1000), 0.07153613354893408)
((0.8, 0.9, 1e-09, 1000), 0.07208532924267398)
((0.3, 0.8, 1e-11, 1000), 0.07210725930901868)
((0.8, 0.5, 1e-09, 1000), 0.07222402707234092)
((0.2, 0.9, 1e-12, 1000), 0.07240780375769001)
((0.8, 0.6, 1e-07, 1000), 0.07285724454291825)
((0.3, 0.4, 0.1, 1000), 0.07369911356769379)
((0.9, 0.1, 1e-12, 1000), 0.0739208509246126)
((0.2, 0.5, 1e-12, 1000), 0.07466303576230783)
((0.9, 0.1, 1e-15, 1000), 0.07501802711541142)
((0.7, 0.5, 1e-08, 1000), 0.07591272655516315)
((0.6, 0.9, 1e-10, 1000), 0.07608827402760313)
((0.4, 0.4, 1e-10, 1000), 0.07733237389810423)
((0.3, 0.7, 1e-11, 1000), 0.07736172506567617)
((0.4, 0.9, 1e-11, 1000), 0.0776596470195859)
((0.5, 0.6, 1e-10, 1000), 0.0789623132182638)
((0.7, 0.3, 1e-09, 1000), 0.0793723158240252)
((0.6, 0.7, 1e-09, 1000), 0.07980212192428952)
((0.4, 0.2, 1e-11, 1000), 0.08102805213541725)
((0.1, 0.4, 0.01, 1000), 0.08255646219152227)
((0.9, 0.2, 1e-07, 1000), 0.08264351086929045)
((0.8, 0.3, 1e-06, 1000), 0.08342199426938562)
((0.8, 0.1, 1e-05, 1000), 0.08391591864074298)
((0.8, 0.1, 1e-10, 1000), 0.08425788684111706)
((0.8, 0.2, 1e-06, 1000), 0.08445551022176032)
((0.8, 0.9, 1e-08, 1000), 0.0847857124694815)
((0.9, 0.4, 0.0001, 1000), 0.08528176019720056)
((0.5, 0.8, 1e-09, 1000), 0.08575271264718497)
((0.2, 0.7, 1e-12, 1000), 0.08588107546268325)
((0.3, 0.1, 0.01, 1000), 0.08639565848212749)
((0.1, 0.9, 0.01, 1000), 0.08647222472895434)
((0.2, 0.4, 1e-13, 1000), 0.08784519367461634)
((0.3, 0.5, 1e-11, 1000), 0.08923404191478258)
((0.2, 0.9, 1e-11, 1000), 0.09017615004475826)
((0.5, 0.4, 1e-10, 1000), 0.09058729533440897)
((0.3, 0.9, 0.1, 1000), 0.09068945838144021)
((0.5, 0.1, 1e-11, 1000), 0.09209551205539093)
((0.3, 0.5, 1e-10, 1000), 0.09215214653357925)
((0.8, 0.8, 1e-08, 1000), 0.09259163694602504)
((0.4, 0.2, 0.1, 1000), 0.09510640818480336)
((0.6, 0.8, 1e-09, 1000), 0.09524093455000684)
((0.6, 0.1, 1e-06, 1000), 0.09529606783387115)
((0.8, 0.1, 1e-09, 1000), 0.09636579850108538)
((0.9, 0.4, 1e-12, 1000), 0.09680648451052204)
((0.4, 0.9, 1e-12, 1000), 0.10044900367396647)
((0.1, 0.1, 0.001, 1000), 0.10111272221231381)
((0.5, 0.9, 1e-11, 1000), 0.10263872848795554)
((0.9, 0.6, 1e-05, 1000), 0.103195477825692)
((0.4, 0.5, 1e-11, 1000), 0.10319634890794487)
((0.1, 0.5, 1e-13, 1000), 0.10354960222168673)
((0.2, 0.4, 1e-12, 1000), 0.10497210141537819)
((0.3, 0.3, 0.1, 1000), 0.10535915674016472)
((0.9, 0.2, 1e-06, 1000), 0.10615263228637176)
((0.9, 0.3, 0.001, 1000), 0.10633320548379625)
((0.8, 0.7, 1e-09, 1000), 0.10724438933770074)
((0.5, 0.3, 1e-10, 1000), 0.10919926174060925)
((0.1, 0.9, 1e-12, 1000), 0.1112676517289104)
((0.5, 0.9, 1e-10, 1000), 0.11151301166524234)
((0.2, 0.7, 0.1, 1000), 0.11179474966406748)
((0.8, 0.2, 1e-07, 1000), 0.11328695864898074)
((0.2, 0.6, 0.1, 1000), 0.11361683612180824)
((0.8, 0.1, 1e-11, 1000), 0.11361685747127488)
((0.4, 0.7, 1e-11, 1000), 0.11410570462824193)
((0.2, 0.5, 1e-11, 1000), 0.11420168045127449)
((0.3, 0.1, 1e-12, 1000), 0.11492012812555205)
((0.1, 0.6, 1e-13, 1000), 0.11551472464725913)
((0.7, 0.4, 1e-08, 1000), 0.1167238587806522)
((0.7, 0.1, 1e-09, 1000), 0.11883175679487293)
((0.8, 0.6, 1e-08, 1000), 0.11941274456306525)
((0.9, 0.2, 1e-09, 1000), 0.12047291540874397)
((0.1, 0.3, 0.01, 1000), 0.12049376679093725)
((0.2, 0.8, 0.1, 1000), 0.1248428931694784)
((0.2, 0.7, 1e-11, 1000), 0.1251032593277707)
((0.9, 0.5, 1e-06, 1000), 0.12544738345336423)
((0.6, 0.7, 1e-11, 1000), 0.12564944836873976)
((0.9, 0.6, 1e-10, 1000), 0.12608219016580136)
((0.9, 0.1, 0.0001, 1000), 0.12675000531238428)
((0.2, 0.5, 0.1, 1000), 0.1271116328004775)
((0.6, 0.7, 1e-08, 1000), 0.12723847417388545)
((0.5, 0.8, 1e-12, 1000), 0.12886654783610937)
((0.8, 0.8, 1e-09, 1000), 0.12960951201195925)
((0.6, 0.1, 1e-10, 1000), 0.12999603892256092)
((0.8, 0.7, 1e-08, 1000), 0.13042426216306335)
((0.6, 0.8, 1e-10, 1000), 0.13131170954910865)
((0.9, 0.3, 1e-08, 1000), 0.1314301838689919)
((0.8, 0.4, 1e-07, 1000), 0.1314806836463673)
((0.6, 0.2, 1e-09, 1000), 0.13179676549217378)
((0.5, 0.1, 0.1, 1000), 0.13187472633038827)
((0.1, 0.7, 1e-13, 1000), 0.13239643910136303)
((0.7, 0.8, 1e-09, 1000), 0.13306176232309935)
((0.7, 0.8, 1e-11, 1000), 0.13326028203692863)
((0.8, 0.2, 1e-09, 1000), 0.13379370017305706)
((0.2, 0.8, 1e-12, 1000), 0.134182685085081)
((0.7, 0.9, 1e-09, 1000), 0.13486434103397824)
((0.9, 0.6, 1e-07, 1000), 0.13497453125124612)
((0.7, 0.5, 1e-10, 1000), 0.13533351820172418)
((0.9, 0.8, 1e-09, 1000), 0.14108723048534444)
((0.3, 0.6, 1e-10, 1000), 0.14264162063692076)
((0.9, 0.5, 1e-07, 1000), 0.1431058765218197)
((0.5, 0.4, 1e-09, 1000), 0.14464697113836938)
((0.9, 0.4, 1e-07, 1000), 0.14483080726343617)
((0.9, 0.7, 1e-10, 1000), 0.14583313835347717)
((0.4, 0.1, 1e-11, 1000), 0.1471963451664281)
((0.9, 0.2, 1e-08, 1000), 0.1502053932690891)
((0.3, 0.9, 1e-11, 1000), 0.15029495762729367)
((0.7, 0.4, 1e-09, 1000), 0.1515106859930085)
((0.8, 0.3, 1e-07, 1000), 0.15220892551804038)
((0.4, 0.8, 1e-12, 1000), 0.15279597652163995)
((0.9, 0.6, 1e-08, 1000), 0.15329010853581007)
((0.4, 0.3, 1e-10, 1000), 0.1545385627255207)
((0.7, 0.1, 1e-11, 1000), 0.1560057697516623)
((0.2, 0.4, 0.1, 1000), 0.15614772191925724)
((0.9, 0.7, 1e-09, 1000), 0.15654193627663798)
((0.9, 0.9, 1e-11, 1000), 0.15727446520121144)
((0.2, 0.6, 1e-11, 1000), 0.15728277670386331)
((0.7, 0.8, 1e-08, 1000), 0.15804577768715028)
((0.6, 0.9, 1e-09, 1000), 0.15974679961742289)
((0.6, 0.9, 1e-11, 1000), 0.15976254474865922)
((0.5, 0.8, 1e-11, 1000), 0.1606482679305707)
((0.6, 0.8, 1e-11, 1000), 0.16204333521071018)
((0.8, 0.1, 1e-12, 1000), 0.16223331780083708)
((0.5, 0.9, 1e-12, 1000), 0.16223447933182028)
((0.6, 0.9, 1e-12, 1000), 0.1631848408020566)
((0.9, 0.3, 0.0001, 1000), 0.16483175271161957)
((0.8, 0.5, 1e-07, 1000), 0.1662755543184245)
((0.6, 0.5, 1e-10, 1000), 0.16644463819134336)
((0.3, 0.5, 1e-12, 1000), 0.16752799335901145)
((0.7, 0.9, 1e-11, 1000), 0.16926851088013162)
((0.8, 0.9, 1e-11, 1000), 0.16961160909783712)
((0.6, 0.4, 1e-10, 1000), 0.17277054627903798)
((0.9, 0.5, 1e-08, 1000), 0.17324708241860526)
((0.8, 0.8, 1e-10, 1000), 0.17372135808273406)
((0.8, 0.5, 1e-08, 1000), 0.17455468578606742)
((0.2, 0.9, 0.1, 1000), 0.17617199405337702)
((0.8, 0.4, 1e-08, 1000), 0.17714339249995464)
((0.3, 0.2, 0.1, 1000), 0.1771666445898519)
((0.8, 0.6, 1e-11, 1000), 0.17791923591614311)
((0.5, 0.4, 1e-11, 1000), 0.17823257297943404)
((0.9, 0.4, 1e-08, 1000), 0.17898677122561157)
((0.5, 0.6, 1e-09, 1000), 0.18044167342029663)
((0.7, 0.2, 1e-10, 1000), 0.18281981178303858)
((0.7, 0.9, 1e-10, 1000), 0.1830247133732278)
((0.9, 0.6, 1e-14, 1000), 0.18314683518724503)
((0.2, 0.1, 0.01, 1000), 0.18452550224569686)
((0.9, 0.3, 1e-06, 1000), 0.18951179708451663)
((0.7, 0.1, 1e-12, 1000), 0.19273486142603657)
((0.3, 0.1, 1e-13, 1000), 0.1934519433445414)
((0.7, 0.7, 1e-08, 1000), 0.19617480894347175)
((0.4, 0.1, 1e-12, 1000), 0.19627749327435642)
((0.8, 0.3, 1e-08, 1000), 0.19667963588228313)
((0.7, 0.7, 1e-12, 1000), 0.19671434779419206)
((0.6, 0.6, 1e-09, 1000), 0.1967512066410122)
((0.3, 0.6, 1e-11, 1000), 0.1969769245174834)
((0.2, 0.1, 1e-15, 1000), 0.1976407556032564)
((0.9, 0.8, 1e-15, 1000), 0.19780513105792952)
((0.8, 0.5, 1e-11, 1000), 0.1982449599338783)
((0.9, 0.3, 1e-10, 1000), 0.20250949959506342)
((0.4, 0.9, 1e-13, 1000), 0.20340111072175387)
((0.9, 0.4, 1e-06, 1000), 0.20342730420396543)
((0.8, 0.7, 1e-10, 1000), 0.20527419864259205)
((0.1, 0.2, 0.01, 1000), 0.2054273870094249)
((0.5, 0.3, 1e-09, 1000), 0.20684153447161233)
((0.1, 0.1, 1e-14, 1000), 0.20781662236435638)
((0.2, 0.1, 1e-13, 1000), 0.20831741780328797)
((0.7, 0.6, 1e-11, 1000), 0.20840697437003552)
((0.9, 0.9, 1e-10, 1000), 0.20865377727039067)
((0.3, 0.8, 1e-12, 1000), 0.2088999579011757)
((0.4, 0.4, 1e-11, 1000), 0.20952750347348512)
((0.4, 0.4, 1e-13, 1000), 0.2098281590537696)
((0.4, 0.1, 1e-13, 1000), 0.2098537307127114)
((0.4, 0.3, 1e-13, 1000), 0.21067835992961037)
((0.2, 0.3, 0.1, 1000), 0.21267775293991636)
((0.8, 0.4, 1e-11, 1000), 0.21274238155544486)
((0.6, 0.3, 1e-08, 1000), 0.21446196034189152)
((0.3, 0.9, 1e-13, 1000), 0.2178220330486924)
((0.6, 0.6, 1e-11, 1000), 0.2184785748275132)
((0.2, 0.7, 1e-13, 1000), 0.219035987238696)
((0.9, 0.1, 1e-13, 1000), 0.21908289604777384)
((0.3, 0.6, 1e-12, 1000), 0.21948156186071968)
((0.9, 0.8, 1e-12, 1000), 0.22038147557765236)
((0.8, 0.5, 1e-10, 1000), 0.22048524520153456)
((0.4, 0.6, 1e-11, 1000), 0.22220849619618682)
((0.8, 0.3, 1e-15, 1000), 0.22342497393225774)
((0.9, 0.7, 1e-12, 1000), 0.2245813895085476)
((0.7, 0.8, 1e-13, 1000), 0.22497995010310554)
((0.7, 0.5, 1e-09, 1000), 0.22553599524449808)
((0.5, 0.4, 1e-12, 1000), 0.22612580177566016)
((0.5, 0.7, 1e-11, 1000), 0.22646266219740183)
((0.8, 0.2, 1e-10, 1000), 0.22768708805441482)
((0.4, 0.6, 1e-12, 1000), 0.22833021397049721)
((0.1, 0.8, 1e-14, 1000), 0.22878805053046505)
((0.2, 0.3, 1e-12, 1000), 0.22960397586063797)
((0.4, 0.1, 0.1, 1000), 0.22993851727834036)
((0.7, 0.6, 1e-10, 1000), 0.23080656108336972)
((0.6, 0.5, 1e-11, 1000), 0.23163244412561293)
((0.5, 0.3, 1e-11, 1000), 0.23165894553797386)
((0.9, 0.7, 1e-15, 1000), 0.23294613042453088)
((0.4, 0.5, 1e-09, 1000), 0.23570039707216864)
((0.5, 0.1, 1e-10, 1000), 0.23579445259114354)
((0.8, 0.1, 1e-15, 1000), 0.2358608967788466)
((0.2, 0.3, 1e-15, 1000), 0.23720037045993517)
((0.6, 0.1, 1e-12, 1000), 0.23751761771062757)
((0.5, 0.8, 1e-10, 1000), 0.23971667714072808)
((0.6, 0.2, 1e-10, 1000), 0.23982189313871333)
((0.2, 0.3, 1e-14, 1000), 0.24478182157108425)
((0.9, 0.8, 1e-07, 1000), 0.24620340166081386)
((0.8, 0.3, 1e-10, 1000), 0.2468558212365201)
((0.6, 0.1, 1e-11, 1000), 0.24731536003737048)
((0.5, 0.2, 1e-11, 1000), 0.24780694181793755)
((0.4, 0.1, 1e-15, 1000), 0.24784940054990778)
((0.8, 0.6, 1e-09, 1000), 0.24838423695895778)
((0.4, 0.3, 1e-15, 1000), 0.25144614686818123)
((0.2, 0.3, 1e-13, 1000), 0.252067974718865)
((0.8, 0.9, 1e-14, 1000), 0.25334710356862994)
((0.7, 0.1, 1e-10, 1000), 0.253707867991978)
((0.7, 0.5, 1e-11, 1000), 0.2539820429997978)
((0.9, 0.7, 1e-08, 1000), 0.2566164348233585)
((0.9, 0.8, 1e-11, 1000), 0.25675451984884606)
((0.7, 0.7, 1e-10, 1000), 0.25711748677051205)
((0.8, 0.6, 1e-15, 1000), 0.25802265757522463)
((0.8, 0.6, 1e-14, 1000), 0.25993377119334216)
((0.7, 0.3, 1e-11, 1000), 0.26052497296513666)
((0.8, 0.2, 1e-08, 1000), 0.2618218518565605)
((0.5, 0.6, 1e-11, 1000), 0.2623736527529097)
((0.7, 0.3, 1e-13, 1000), 0.2635017538372782)
((0.6, 0.7, 1e-10, 1000), 0.26542032934164383)
((0.8, 0.4, 1e-13, 1000), 0.2664094329694494)
((0.6, 0.6, 1e-13, 1000), 0.26861759911889493)
((0.5, 0.7, 1e-13, 1000), 0.2698045694806391)
((0.3, 0.4, 1e-13, 1000), 0.2705929373744392)
((0.4, 0.2, 1e-15, 1000), 0.27099093474097075)
((0.6, 0.4, 1e-11, 1000), 0.2710566941539888)
((0.9, 0.5, 1e-15, 1000), 0.27214112967493137)
((0.3, 0.1, 1e-15, 1000), 0.2727278562224404)
((0.3, 0.6, 1e-14, 1000), 0.2747011919324031)
((0.6, 0.8, 1e-12, 1000), 0.27481024178137986)
((0.1, 0.5, 1e-15, 1000), 0.27481700408160814)
((0.3, 0.7, 1e-13, 1000), 0.2777766402092436)
((0.9, 0.3, 1e-14, 1000), 0.2779888889884545)
((0.6, 0.3, 1e-10, 1000), 0.2790526079993421)
((0.3, 0.6, 1e-13, 1000), 0.27956109725720846)
((0.3, 0.3, 1e-14, 1000), 0.2797732522163677)
((0.4, 0.6, 1e-13, 1000), 0.28037761053777843)
((0.1, 0.9, 1e-15, 1000), 0.2810040134240054)
((0.7, 0.7, 1e-11, 1000), 0.2822940039636552)
((0.7, 0.1, 1e-08, 1000), 0.2831963773595744)
((0.9, 0.9, 1e-14, 1000), 0.2843890832829058)
((0.6, 0.4, 1e-13, 1000), 0.28497605849113883)
((0.9, 0.7, 1e-11, 1000), 0.28754726954784743)
((0.4, 0.3, 1e-12, 1000), 0.288997781936851)
((0.1, 0.7, 0.1, 1000), 0.28940214718319474)
((0.9, 0.3, 1e-07, 1000), 0.29140788108952764)
((0.8, 0.2, 1e-13, 1000), 0.2915577163923701)
((0.7, 0.8, 1e-15, 1000), 0.2918792725414961)
((0.4, 0.7, 1e-12, 1000), 0.29195343235343874)
((0.7, 0.9, 1e-12, 1000), 0.2920538064448457)
((0.5, 0.5, 1e-11, 1000), 0.29228329279078996)
((0.1, 0.6, 0.1, 1000), 0.29439653567841856)
((0.9, 0.2, 1e-15, 1000), 0.2948420672678554)
((0.4, 0.5, 1e-12, 1000), 0.2957016321660644)
((0.9, 0.5, 1e-10, 1000), 0.2961183679315306)
((0.9, 0.4, 1e-09, 1000), 0.2969191560905833)
((0.3, 0.2, 1e-13, 1000), 0.2972355706194163)
((0.7, 0.4, 1e-10, 1000), 0.2978928992290458)
((0.4, 0.4, 1e-15, 1000), 0.29972359590313885)
((0.9, 0.3, 1e-09, 1000), 0.3009881526540634)
((0.8, 0.9, 1e-15, 1000), 0.3019455402257479)
((0.9, 0.2, 1e-11, 1000), 0.3024057217770628)
((0.8, 0.4, 1e-10, 1000), 0.3027539429272103)
((0.3, 0.2, 1e-15, 1000), 0.30277501008979296)
((0.9, 0.5, 1e-11, 1000), 0.30414238182753306)
((0.4, 0.4, 1e-12, 1000), 0.30437185136209877)
((0.2, 0.8, 1e-13, 1000), 0.30511363391433877)
((0.4, 0.8, 1e-11, 1000), 0.30572234535895015)
((0.5, 0.8, 1e-15, 1000), 0.3065554812455737)
((0.9, 0.3, 1e-11, 1000), 0.30691046199951244)
((0.9, 0.5, 1e-13, 1000), 0.3078243370455078)
((0.2, 0.2, 1e-15, 1000), 0.3086167644068578)
((0.9, 0.3, 1e-15, 1000), 0.30870690104697796)
((0.5, 0.9, 1e-14, 1000), 0.3096158264220586)
((0.1, 0.8, 1e-15, 1000), 0.3100902926633228)
((0.8, 0.9, 1e-13, 1000), 0.3119746365034173)
((0.9, 0.2, 1e-12, 1000), 0.3121203421995059)
((0.1, 0.8, 0.1, 1000), 0.3125814247932358)
((0.2, 0.5, 1e-13, 1000), 0.3133056998893001)
((0.8, 0.3, 1e-13, 1000), 0.32001428647549346)
((0.7, 0.3, 1e-12, 1000), 0.320143687798217)
((0.7, 0.2, 1e-13, 1000), 0.32187663654809384)
((0.1, 0.5, 0.1, 1000), 0.3229807308628819)
((0.3, 0.5, 1e-13, 1000), 0.3252839008815592)
((0.5, 0.5, 1e-12, 1000), 0.3259385671881584)
((0.2, 0.2, 0.1, 1000), 0.32654356268575535)
((0.9, 0.6, 1e-09, 1000), 0.3268058139999342)
((0.2, 0.6, 1e-13, 1000), 0.32710377870013996)
((0.5, 0.1, 1e-14, 1000), 0.3279896877411058)
((0.1, 0.5, 1e-14, 1000), 0.3280118598890285)
((0.7, 0.2, 1e-09, 1000), 0.32922087343209216)
((0.2, 0.5, 1e-15, 1000), 0.32954824104316605)
((0.7, 0.1, 1e-15, 1000), 0.3305628088528858)
((0.5, 0.1, 1e-12, 1000), 0.3319122619982418)
((0.6, 0.2, 1e-14, 1000), 0.33289192553033786)
((0.6, 0.7, 1e-14, 1000), 0.3336659641031844)
((0.5, 0.4, 1e-15, 1000), 0.33426314469527296)
((0.6, 0.5, 1e-13, 1000), 0.3347404699172346)
((0.1, 0.3, 1e-15, 1000), 0.3386313366763136)
((0.8, 0.4, 1e-12, 1000), 0.34192279485697674)
((0.5, 0.2, 1e-15, 1000), 0.34203451504938437)
((0.5, 0.5, 1e-15, 1000), 0.3436928528374874)
((0.5, 0.1, 1e-13, 1000), 0.3445604350783621)
((0.2, 0.9, 1e-14, 1000), 0.34482972542946877)
((0.3, 0.7, 1e-15, 1000), 0.3450219030398609)
((0.6, 0.4, 1e-15, 1000), 0.3461573536805587)
((0.2, 0.8, 1e-15, 1000), 0.34978003110881406)
((0.7, 0.8, 1e-10, 1000), 0.3501324139859218)
((0.6, 0.1, 1e-14, 1000), 0.35030692854160655)
((0.8, 0.8, 1e-13, 1000), 0.35045672351110746)
((0.8, 0.5, 1e-15, 1000), 0.3505183725251952)
((0.7, 0.2, 1e-11, 1000), 0.3514691246395125)
((0.7, 0.6, 1e-15, 1000), 0.3531046970244377)
((0.6, 0.8, 1e-15, 1000), 0.35461581772277034)
((0.8, 0.5, 1e-14, 1000), 0.3551398010540231)
((0.8, 0.8, 1e-11, 1000), 0.35907035930704706)
((0.8, 0.6, 1e-12, 1000), 0.3606617093300204)
((0.2, 0.6, 1e-15, 1000), 0.36085908552630575)
((0.4, 0.6, 1e-15, 1000), 0.3609985372799326)
((0.3, 0.8, 1e-13, 1000), 0.36142360891010367)
((0.7, 0.6, 1e-13, 1000), 0.3616254027097027)
((0.8, 0.4, 1e-09, 1000), 0.3619696714756202)
((0.3, 0.7, 1e-12, 1000), 0.36217438867347723)
((0.9, 0.4, 1e-13, 1000), 0.362678723314648)
((0.1, 0.9, 1e-14, 1000), 0.3642706302617457)
((0.9, 0.1, 1e-14, 1000), 0.36487767399530857)
((0.4, 0.5, 1e-13, 1000), 0.3675918000501984)
((0.9, 0.3, 1e-12, 1000), 0.36791381351768593)
((0.6, 0.2, 1e-15, 1000), 0.36797994536092615)
((0.5, 0.3, 1e-13, 1000), 0.36831664851024826)
((0.4, 0.5, 1e-15, 1000), 0.3685260231126628)
((0.5, 0.7, 1e-14, 1000), 0.3686325557494896)
((0.1, 0.3, 1e-14, 1000), 0.3696313489421325)
((0.3, 0.2, 1e-14, 1000), 0.36985650988112084)
((0.8, 0.7, 1e-11, 1000), 0.3699864313663224)
((0.7, 0.2, 1e-15, 1000), 0.37220061079627087)
((0.7, 0.2, 1e-12, 1000), 0.3746038490370671)
((0.3, 0.1, 0.1, 1000), 0.374717358603353)
((0.8, 0.8, 1e-12, 1000), 0.3747742631927098)
((0.1, 0.4, 1e-14, 1000), 0.37575276812858055)
((0.7, 0.6, 1e-09, 1000), 0.3758627798726749)
((0.8, 0.2, 1e-11, 1000), 0.3773452183958936)
((0.3, 0.5, 1e-15, 1000), 0.3778647068937767)
((0.4, 0.7, 1e-15, 1000), 0.3779839861335054)
((0.9, 0.6, 1e-13, 1000), 0.37925182618951014)
((0.1, 0.4, 0.1, 1000), 0.37954395805466973)
((0.1, 0.7, 1e-14, 1000), 0.3795974284819087)
((0.7, 0.9, 1e-15, 1000), 0.3803183895064994)
((0.7, 0.5, 1e-12, 1000), 0.3829089933045036)
((0.8, 0.1, 1e-13, 1000), 0.3829770705219983)
((0.5, 0.9, 1e-13, 1000), 0.3832619300219528)
((0.6, 0.1, 1e-09, 1000), 0.3854317749128929)
((0.6, 0.8, 1e-13, 1000), 0.38676308125458514)
((0.8, 0.2, 1e-15, 1000), 0.3889151520054859)
((0.1, 0.2, 1e-15, 1000), 0.38936038140769297)
((0.7, 0.5, 1e-14, 1000), 0.39009789996503036)
((0.6, 0.7, 1e-12, 1000), 0.39010426840379)
((0.9, 0.5, 1e-12, 1000), 0.3924519473543725)
((0.9, 0.4, 1e-10, 1000), 0.3925670515850755)
((0.7, 0.6, 1e-12, 1000), 0.3928837987686154)
((0.7, 0.4, 1e-12, 1000), 0.39304862039509975)
((0.5, 0.3, 1e-12, 1000), 0.393308838672922)
((0.1, 0.9, 0.1, 1000), 0.3952047470749516)
((0.6, 0.3, 1e-14, 1000), 0.39555292472110765)
((0.6, 0.9, 1e-14, 1000), 0.39732547392433215)
((0.7, 0.7, 1e-15, 1000), 0.39793214880255257)
((0.7, 0.7, 1e-13, 1000), 0.3981329297780116)
((0.4, 0.1, 1e-14, 1000), 0.4003944277354059)
((0.8, 0.3, 1e-12, 1000), 0.4019761258597228)
((0.2, 0.2, 1e-13, 1000), 0.40208853897074803)
((0.2, 0.5, 1e-14, 1000), 0.4021596365235743)
((0.7, 0.6, 1e-14, 1000), 0.4043568366929726)
((0.6, 0.6, 1e-15, 1000), 0.40455491086496204)
((0.6, 0.2, 1e-13, 1000), 0.40605064496498583)
((0.8, 0.1, 1e-14, 1000), 0.4064114808877853)
((0.6, 0.5, 1e-12, 1000), 0.4068941282554046)
((0.6, 0.4, 1e-14, 1000), 0.4105810687964549)
((0.9, 0.8, 1e-10, 1000), 0.410837866696412)
((0.7, 0.3, 1e-15, 1000), 0.4109503654657475)
((0.4, 0.5, 1e-14, 1000), 0.41215517328975615)
((0.6, 0.5, 1e-14, 1000), 0.4128454162922106)
((0.5, 0.4, 1e-13, 1000), 0.4151735565417123)
((0.9, 0.2, 1e-10, 1000), 0.4171321836698396)
((0.6, 0.2, 1e-12, 1000), 0.4178550068251447)
((0.7, 0.4, 1e-11, 1000), 0.41810948647438784)
((0.2, 0.4, 1e-14, 1000), 0.419041676830922)
((0.5, 0.7, 1e-12, 1000), 0.4198314422208864)
((0.6, 0.9, 1e-15, 1000), 0.4206657782940874)
((0.7, 0.4, 1e-14, 1000), 0.4225342250024072)
((0.4, 0.2, 1e-14, 1000), 0.4233543074863008)
((0.3, 0.8, 1e-14, 1000), 0.42436472687513244)
((0.6, 0.6, 1e-12, 1000), 0.4248221024080655)
((0.8, 0.7, 1e-12, 1000), 0.4311213609490765)
((0.7, 0.2, 1e-14, 1000), 0.43137283701820595)
((0.7, 0.5, 1e-13, 1000), 0.4327030038241169)
((0.9, 0.6, 1e-12, 1000), 0.43598147368823337)
((0.1, 0.1, 0.01, 1000), 0.4361444015842476)
((0.9, 0.9, 1e-15, 1000), 0.4386618201867194)
((0.3, 0.4, 1e-14, 1000), 0.4394790593154252)
((0.8, 0.8, 1e-15, 1000), 0.4395192851675236)
((0.9, 0.6, 1e-11, 1000), 0.44053030909108726)
((0.5, 0.2, 1e-12, 1000), 0.4442806990701751)
((0.8, 0.9, 1e-10, 1000), 0.45233694697262694)
((0.7, 0.8, 1e-12, 1000), 0.4529041939761186)
((0.9, 0.3, 1e-13, 1000), 0.45601022001641756)
((0.8, 0.7, 1e-14, 1000), 0.4564735722901053)
((0.6, 0.1, 1e-15, 1000), 0.4587800175512945)
((0.5, 0.8, 1e-13, 1000), 0.46198118212198597)
((0.6, 0.3, 1e-11, 1000), 0.46346735149482554)
((0.7, 0.1, 1e-14, 1000), 0.46545323004214356)
((0.9, 0.5, 1e-14, 1000), 0.46546106147042143)
((0.8, 0.2, 1e-14, 1000), 0.4654893086898139)
((0.8, 0.6, 1e-10, 1000), 0.4655088167483813)
((0.8, 0.5, 1e-13, 1000), 0.4657646072550972)
((0.8, 0.4, 1e-14, 1000), 0.4657746418314924)
((0.4, 0.2, 1e-13, 1000), 0.46652310541670844)
((0.7, 0.5, 1e-15, 1000), 0.46719545171538224)
((0.8, 0.7, 1e-13, 1000), 0.4673486923026493)
((0.6, 0.4, 1e-12, 1000), 0.4682383931525713)
((0.8, 0.3, 1e-11, 1000), 0.4684238365691321)
((0.9, 0.7, 1e-13, 1000), 0.4687467861426746)
((0.4, 0.8, 1e-15, 1000), 0.4728435706756927)
((0.8, 0.3, 1e-09, 1000), 0.4744486853849984)
((0.6, 0.3, 1e-15, 1000), 0.47579334351924724)
((0.7, 0.4, 1e-13, 1000), 0.4757946770447674)
((0.1, 0.3, 0.1, 1000), 0.4760938852620623)
((0.6, 0.9, 1e-13, 1000), 0.4773937528323511)
((0.3, 0.6, 1e-15, 1000), 0.4785198592279025)
((0.9, 0.4, 1e-11, 1000), 0.48270572039885207)
((0.4, 0.6, 1e-14, 1000), 0.4838625830903203)
((0.8, 0.3, 1e-14, 1000), 0.48391913413688237)
((0.5, 0.7, 1e-15, 1000), 0.4846325337337311)
((0.6, 0.1, 1e-13, 1000), 0.48512058322244256)
((0.4, 0.3, 1e-14, 1000), 0.48718660769600486)
((0.4, 0.9, 1e-15, 1000), 0.48727379040946334)
((0.4, 0.9, 1e-14, 1000), 0.489385744906983)
((0.1, 0.2, 1e-14, 1000), 0.48967761073802335)
((0.8, 0.2, 1e-12, 1000), 0.49073693113394484)
((0.5, 0.2, 1e-14, 1000), 0.49132619036229586)
((0.4, 0.7, 1e-14, 1000), 0.49141218757123406)
((0.7, 0.1, 1e-13, 1000), 0.4949135134443889)
((0.5, 0.6, 1e-15, 1000), 0.4955032607433791)
((0.5, 0.4, 1e-14, 1000), 0.49556852546666763)
((0.7, 0.3, 1e-10, 1000), 0.49569396418301526)
((0.4, 0.8, 1e-14, 1000), 0.4961295689156834)
((0.7, 0.3, 1e-14, 1000), 0.4968611249638062)
((0.5, 0.6, 1e-13, 1000), 0.4981698021308586)
((0.5, 0.6, 1e-14, 1000), 0.4991096732736904)
((0.3, 0.9, 1e-15, 1000), 0.5042057494797197)
((0.9, 0.7, 1e-14, 1000), 0.5078980553519046)
((0.3, 0.8, 1e-15, 1000), 0.5092914710439014)
((0.7, 0.4, 1e-15, 1000), 0.509538222319023)
((0.7, 0.9, 1e-14, 1000), 0.5128846993437296)
((0.3, 0.7, 1e-14, 1000), 0.513155928899323)
((0.3, 0.5, 1e-14, 1000), 0.5150226703378109)
((0.2, 0.1, 1e-14, 1000), 0.5157611832981781)
((0.5, 0.5, 1e-13, 1000), 0.5159501715345898)
((0.9, 0.9, 1e-13, 1000), 0.5162298023318928)
((0.5, 0.2, 1e-13, 1000), 0.5169705775551993)
((0.6, 0.7, 1e-15, 1000), 0.5172432521619199)
((0.4, 0.4, 1e-14, 1000), 0.5174794740415235)
((0.8, 0.6, 1e-13, 1000), 0.518021632785912)
((0.8, 0.5, 1e-12, 1000), 0.5215951975028282)
((0.6, 0.3, 1e-12, 1000), 0.5270026541830599)
((0.1, 0.1, 1e-15, 1000), 0.5289642249865595)
((0.5, 0.8, 1e-14, 1000), 0.5290331204643337)
((0.7, 0.9, 1e-13, 1000), 0.5323356791835349)
((0.9, 0.4, 1e-15, 1000), 0.5337406304926524)
((0.2, 0.7, 1e-15, 1000), 0.5409806205838321)
((0.6, 0.8, 1e-14, 1000), 0.541300564436485)
((0.6, 0.7, 1e-13, 1000), 0.5414613648727697)
((0.7, 0.8, 1e-14, 1000), 0.5424217957641427)
((0.2, 0.7, 1e-14, 1000), 0.546011219330119)
((0.9, 0.2, 1e-14, 1000), 0.5465252905934168)
((0.1, 0.7, 1e-15, 1000), 0.5528334402371708)
((0.9, 0.5, 1e-09, 1000), 0.5558194708993371)
((0.8, 0.7, 1e-15, 1000), 0.5592447209321749)
((0.8, 0.4, 1e-15, 1000), 0.5610696040202255)
((0.9, 0.6, 1e-15, 1000), 0.5628814612946624)
((0.3, 0.9, 1e-14, 1000), 0.5650759836693947)
((0.2, 0.6, 1e-14, 1000), 0.5655078072462293)
((0.2, 0.8, 1e-14, 1000), 0.5664520868228022)
((0.5, 0.3, 1e-15, 1000), 0.5678458093512878)
((0.6, 0.5, 1e-15, 1000), 0.56911278303898)
((0.1, 0.6, 1e-15, 1000), 0.5717499396931466)
((0.5, 0.5, 1e-14, 1000), 0.5723198438814491)
((0.5, 0.3, 1e-14, 1000), 0.5728639090835046)
((0.9, 0.2, 1e-13, 1000), 0.5772977847606321)
((0.2, 0.1, 0.1, 1000), 0.5848706052416633)
((0.5, 0.6, 1e-12, 1000), 0.5884589983563019)
((0.4, 0.8, 1e-13, 1000), 0.5891553427584433)
((0.2, 0.2, 1e-14, 1000), 0.5917883129862379)
((0.6, 0.2, 1e-11, 1000), 0.5936721973775886)
((0.9, 0.9, 1e-12, 1000), 0.6028223095310004)
((0.3, 0.3, 1e-13, 1000), 0.6034799133123568)
((0.5, 0.9, 1e-15, 1000), 0.6067625790289004)
((0.3, 0.4, 1e-15, 1000), 0.6100988215349659)
((0.3, 0.3, 1e-15, 1000), 0.6185267884471524)
((0.7, 0.7, 1e-14, 1000), 0.6243169789344519)
((0.1, 0.2, 0.1, 1000), 0.6321046062682635)
((0.1, 0.4, 1e-15, 1000), 0.6334065236604136)
((0.9, 0.8, 1e-14, 1000), 0.6340714643790619)
((0.5, 0.1, 1e-15, 1000), 0.6414171957701165)
((0.9, 0.8, 1e-13, 1000), 0.6455723381537983)
((0.8, 0.9, 1e-12, 1000), 0.648122505593407)
((0.3, 0.1, 1e-14, 1000), 0.6516099714327575)
((0.6, 0.3, 1e-13, 1000), 0.6576438103207353)
((0.8, 0.8, 1e-14, 1000), 0.6595653337567662)
((0.2, 0.9, 1e-15, 1000), 0.6625623581097319)
((0.2, 0.4, 1e-15, 1000), 0.6832124973320219)
((0.6, 0.6, 1e-14, 1000), 0.7045136593593306)
((0.9, 0.4, 1e-14, 1000), 0.7177371667105767)
((0.4, 0.7, 1e-13, 1000), 0.7220391554462493)
((0.1, 0.1, 0.1, 1000), 0.8436411354219985)
