((0.2, 0.3, 0.001, 1000), 45.462392402153796)
((0.1, 0.2, 0.0001, 1000), 45.51876233656676)
((0.5, 0.3, 0.01, 1000), 45.64419049374943)
((0.3, 0.2, 0.001, 1000), 45.886028491625254)
((0.2, 0.1, 0.0001, 1000), 46.312577021629245)
((0.5, 0.1, 0.001, 1000), 46.61700069952732)
((0.3, 0.7, 0.01, 1000), 46.85905958767939)
((0.4, 0.5, 0.01, 1000), 46.972127623484916)
((0.6, 0.2, 0.01, 1000), 47.01235636137178)
((0.4, 0.4, 0.01, 1000), 47.04366529821245)
((0.4, 0.1, 0.001, 1000), 47.84391259451574)
((0.8, 0.3, 0.1, 1000), 48.80339899194321)
((0.6, 0.3, 0.01, 1000), 49.425413003400244)
((0.7, 0.4, 0.1, 1000), 49.6300824782123)
((0.6, 0.1, 0.001, 1000), 50.15143521222639)
((0.2, 0.4, 0.001, 1000), 50.38463571118579)
((0.1, 0.7, 0.001, 1000), 50.404444281638455)
((0.1, 0.7, 1e-09, 1000), 50.507531550009254)
((0.7, 0.5, 0.1, 1000), 50.69922601621717)
((0.2, 0.7, 1e-08, 1000), 51.16349884065744)
((0.5, 0.4, 0.01, 1000), 51.70916657052313)
((0.6, 0.2, 0.001, 1000), 51.73033603606513)
((0.7, 0.1, 0.01, 1000), 51.817384824731654)
((0.8, 0.4, 0.1, 1000), 52.044140330920655)
((0.7, 0.3, 0.01, 1000), 52.230671060719814)
((0.4, 0.2, 0.001, 1000), 52.611208068119275)
((0.1, 0.6, 1e-10, 1000), 52.904072384915)
((0.5, 0.2, 0.01, 1000), 52.99456668614336)
((0.3, 0.6, 0.01, 1000), 53.00139507360766)
((0.5, 0.2, 0.001, 1000), 53.29592599421606)
((0.7, 0.2, 0.01, 1000), 53.31475127912765)
((0.1, 0.8, 1e-09, 1000), 53.354539965573736)
((0.7, 0.1, 1e-05, 1000), 53.44263706399954)
((0.1, 0.5, 1e-11, 1000), 54.11816644024431)
((0.8, 0.1, 0.0001, 1000), 54.21797557007513)
((0.2, 0.9, 1e-07, 1000), 54.266846272841605)
((0.3, 0.7, 1e-07, 1000), 54.315412103919485)
((0.4, 0.3, 0.01, 1000), 54.36360934194923)
((0.3, 0.6, 1e-08, 1000), 54.378092512237046)
((0.1, 0.6, 0.001, 1000), 54.44280262939868)
((0.3, 0.8, 1e-07, 1000), 54.744248308068784)
((0.6, 0.9, 1e-05, 1000), 54.78179843760887)
((0.2, 0.2, 0.001, 1000), 55.27897070577717)
((0.9, 0.6, 0.01, 1000), 55.36581898026387)
((0.5, 0.2, 0.0001, 1000), 55.467677849111205)
((0.2, 0.6, 1e-09, 1000), 55.48492482540497)
((0.2, 0.5, 1e-06, 1000), 55.79421762000436)
((0.9, 0.8, 0.1, 1000), 55.98075434693244)
((0.1, 0.3, 1e-11, 1000), 56.088718664985876)
((0.2, 0.5, 1e-10, 1000), 56.24361978060052)
((0.8, 0.5, 0.1, 1000), 56.31325860130056)
((0.6, 0.3, 0.001, 1000), 56.35241285606716)
((0.2, 0.8, 1e-08, 1000), 56.368441272064175)
((0.2, 0.5, 1e-09, 1000), 56.40545463919131)
((0.5, 0.7, 1e-06, 1000), 56.52124013131674)
((0.3, 0.3, 0.001, 1000), 56.53569322012878)
((0.3, 0.5, 1e-09, 1000), 56.561821654245676)
((0.4, 0.6, 1e-07, 1000), 56.59398274371055)
((0.1, 0.3, 0.0001, 1000), 56.62528915243836)
((0.1, 0.4, 1e-10, 1000), 56.643954673993306)
((0.1, 0.6, 1e-09, 1000), 56.64691722885603)
((0.1, 0.5, 1e-10, 1000), 56.73525125336316)
((0.3, 0.1, 0.0001, 1000), 56.74420447781337)
((0.9, 0.9, 1e-07, 1000), 56.74735003962445)
((0.3, 0.5, 0.01, 1000), 56.85643696773475)
((0.9, 0.9, 1e-09, 1000), 56.91881411248104)
((0.1, 0.1, 1e-08, 1000), 57.03713096515104)
((0.4, 0.5, 1e-08, 1000), 57.057950680060074)
((0.4, 0.1, 0.0001, 1000), 57.16089850281371)
((0.6, 0.7, 1e-05, 1000), 57.265427104124385)
((0.7, 0.3, 0.1, 1000), 57.30900400073894)
((0.8, 0.6, 0.1, 1000), 57.31677529740808)
((0.3, 0.8, 1e-09, 1000), 57.39434628739711)
((0.7, 0.6, 0.1, 1000), 57.5543810582475)
((0.2, 0.4, 1e-06, 1000), 57.61418100921726)
((0.5, 0.3, 0.0001, 1000), 57.63725551235307)
((0.5, 0.8, 1e-06, 1000), 57.71780647003279)
((0.3, 0.7, 1e-09, 1000), 57.76815507794942)
((0.6, 0.1, 0.01, 1000), 57.85060727194257)
((0.3, 0.1, 0.001, 1000), 57.9606065637333)
((0.9, 0.1, 0.001, 1000), 57.97764374194804)
((0.4, 0.9, 1e-07, 1000), 58.01859111894441)
((0.8, 0.7, 0.1, 1000), 58.030705342035915)
((0.4, 0.6, 0.01, 1000), 58.03864232399991)
((0.7, 0.8, 1e-05, 1000), 58.055036221823954)
((0.5, 0.8, 1e-08, 1000), 58.05794011405634)
((0.2, 0.9, 0.001, 1000), 58.06017564627683)
((0.5, 0.5, 0.0001, 1000), 58.09810984553847)
((0.6, 0.7, 0.0001, 1000), 58.10654366772242)
((0.8, 0.7, 0.0001, 1000), 58.12653311842542)
((0.6, 0.2, 1e-05, 1000), 58.20786661036626)
((0.5, 0.9, 0.01, 1000), 58.247671228810724)
((0.5, 0.1, 1e-06, 1000), 58.279024163063866)
((0.1, 0.5, 0.001, 1000), 58.332094089863446)
((0.7, 0.8, 0.0001, 1000), 58.39710550231715)
((0.4, 0.8, 1e-06, 1000), 58.450278883871405)
((0.2, 0.7, 1e-10, 1000), 58.4761874395082)
((0.9, 0.9, 1e-06, 1000), 58.48565377357342)
((0.4, 0.8, 1e-08, 1000), 58.508177929689616)
((0.9, 0.6, 0.001, 1000), 58.58402520189807)
((0.6, 0.9, 0.01, 1000), 58.6000452762822)
((0.1, 0.6, 1e-12, 1000), 58.61244857094288)
((0.1, 0.1, 1e-05, 1000), 58.665433600779686)
((0.2, 0.6, 1e-08, 1000), 58.67922174883265)
((0.1, 0.2, 1e-09, 1000), 58.70273071775371)
((0.1, 0.2, 1e-12, 1000), 58.77318654519591)
((0.4, 0.9, 1e-09, 1000), 58.81615080104625)
((0.2, 0.8, 1e-10, 1000), 58.904483477003566)
((0.5, 0.1, 0.0001, 1000), 58.92644770040116)
((0.7, 0.2, 0.001, 1000), 58.96414717692193)
((0.1, 0.4, 1e-11, 1000), 59.01050369817533)
((0.6, 0.8, 1e-05, 1000), 59.03229352227421)
((0.4, 0.7, 1e-08, 1000), 59.04480261592304)
((0.4, 0.6, 1e-06, 1000), 59.064630012294224)
((0.9, 0.7, 0.001, 1000), 59.226971844101335)
((0.2, 0.9, 1e-08, 1000), 59.23119201893923)
((0.4, 0.7, 1e-05, 1000), 59.24669655918224)
((0.9, 0.9, 1e-05, 1000), 59.31211941711693)
((0.7, 0.9, 1e-06, 1000), 59.31299834762295)
((0.6, 0.9, 1e-06, 1000), 59.333931141696965)
((0.8, 0.8, 0.0001, 1000), 59.34711309945002)
((0.4, 0.9, 1e-06, 1000), 59.3643480948284)
((0.1, 0.2, 1e-13, 1000), 59.41502534404157)
((0.1, 0.3, 1e-12, 1000), 59.46923845219023)
((0.4, 0.7, 1e-06, 1000), 59.4939868136337)
((0.7, 0.9, 1e-05, 1000), 59.633764684115334)
((0.1, 0.5, 1e-09, 1000), 59.64693466893263)
((0.8, 0.9, 1e-07, 1000), 59.671927260499054)
((0.1, 0.1, 0.0001, 1000), 59.713097550783864)
((0.1, 0.7, 1e-10, 1000), 59.76564064016801)
((0.1, 0.9, 1e-10, 1000), 59.827822852195986)
((0.4, 0.3, 1e-06, 1000), 59.83287580547272)
((0.1, 0.7, 1e-12, 1000), 60.0453867206284)
((0.3, 0.9, 1e-08, 1000), 60.0737507456879)
((0.8, 0.2, 0.1, 1000), 60.09119385445406)
((0.1, 0.6, 1e-11, 1000), 60.11841592176669)
((0.4, 0.7, 0.01, 1000), 60.18188840798241)
((0.8, 0.8, 0.1, 1000), 60.21507780417926)
((0.5, 0.5, 0.01, 1000), 60.227322979045795)
((0.3, 0.9, 1e-09, 1000), 60.256544363419074)
((0.5, 0.9, 1e-08, 1000), 60.25697316954846)
((0.3, 0.6, 1e-07, 1000), 60.273344134822146)
((0.5, 0.9, 1e-07, 1000), 60.33778617393385)
((0.4, 0.7, 1e-07, 1000), 60.34985426713235)
((0.4, 0.8, 0.01, 1000), 60.45862163648283)
((0.8, 0.9, 1e-06, 1000), 60.50594893749606)
((0.2, 0.1, 1e-07, 1000), 60.545935988655394)
((0.6, 0.6, 1e-07, 1000), 60.606783607777444)
((0.9, 0.2, 0.01, 1000), 60.636059976372266)
((0.2, 0.1, 1e-06, 1000), 60.65536496032904)
((0.5, 0.4, 0.0001, 1000), 60.68602578503501)
((0.4, 0.9, 1e-08, 1000), 60.69283160491211)
((0.3, 0.9, 0.01, 1000), 60.70950695386942)
((0.1, 0.8, 1e-10, 1000), 60.72125002796453)
((0.3, 0.8, 1e-08, 1000), 60.72912108833857)
((0.3, 0.5, 1e-08, 1000), 60.745744636043256)
((0.2, 0.9, 1e-09, 1000), 60.79799716298503)
((0.4, 0.8, 1e-07, 1000), 60.83122885259681)
((0.2, 0.3, 1e-10, 1000), 60.86906166513904)
((0.1, 0.9, 1e-09, 1000), 60.89890265689606)
((0.6, 0.5, 1e-07, 1000), 60.96754040951352)
((0.2, 0.5, 0.001, 1000), 60.98622047419127)
((0.2, 0.4, 1e-09, 1000), 60.9984269912865)
((0.2, 0.8, 1e-09, 1000), 60.998439222508736)
((0.4, 0.2, 0.0001, 1000), 61.01448258532826)
((0.6, 0.4, 0.01, 1000), 61.01931945710701)
((0.7, 0.4, 0.0001, 1000), 61.02921367308122)
((0.8, 0.8, 1e-06, 1000), 61.08240795465122)
((0.3, 0.9, 1e-10, 1000), 61.09655463835898)
((0.4, 0.4, 1e-06, 1000), 61.09986817856781)
((0.5, 0.8, 1e-07, 1000), 61.15159900901621)
((0.7, 0.7, 0.1, 1000), 61.15511917365449)
((0.3, 0.7, 1e-08, 1000), 61.164425468774276)
((0.5, 0.6, 1e-07, 1000), 61.20363949993177)
((0.2, 0.7, 1e-09, 1000), 61.30593228069847)
((0.5, 0.8, 0.01, 1000), 61.306555702657995)
((0.4, 0.9, 0.01, 1000), 61.316748571707166)
((0.6, 0.9, 1e-07, 1000), 61.32198798574382)
((0.6, 0.6, 0.1, 1000), 61.41380394620131)
((0.7, 0.9, 1e-07, 1000), 61.44609764322701)
((0.3, 0.1, 1e-07, 1000), 61.45103830981924)
((0.8, 0.2, 0.001, 1000), 61.467395379932064)
((0.3, 0.1, 1e-05, 1000), 61.57960117197009)
((0.5, 0.5, 1e-07, 1000), 61.58589489353375)
((0.4, 0.6, 1e-10, 1000), 61.75031698528943)
((0.6, 0.8, 1e-07, 1000), 61.79258310570694)
((0.7, 0.3, 0.0001, 1000), 61.83365833171865)
((0.8, 0.4, 0.01, 1000), 61.91115257380511)
((0.9, 0.3, 0.01, 1000), 61.94943021036575)
((0.2, 0.4, 1e-10, 1000), 61.95893779010997)
((0.3, 0.6, 1e-09, 1000), 61.992653909272825)
((0.2, 0.6, 1e-10, 1000), 61.993319942110176)
((0.6, 0.9, 1e-08, 1000), 62.05672954080717)
((0.8, 0.1, 0.1, 1000), 62.06646123278051)
((0.9, 0.4, 0.1, 1000), 62.126234795620014)
((0.4, 0.5, 1e-06, 1000), 62.13131083459875)
((0.1, 0.7, 1e-11, 1000), 62.16961685693362)
((0.3, 0.4, 0.01, 1000), 62.17913530330887)
((0.9, 0.9, 0.1, 1000), 62.20066280544651)
((0.6, 0.5, 0.1, 1000), 62.208206311286816)
((0.6, 0.6, 1e-05, 1000), 62.327078251593655)
((0.7, 0.2, 0.0001, 1000), 62.33581706763374)
((0.5, 0.7, 1e-07, 1000), 62.35410127567216)
((0.1, 0.8, 0.001, 1000), 62.43546327354866)
((0.2, 0.9, 1e-10, 1000), 62.48267031199062)
((0.3, 0.9, 1e-07, 1000), 62.496477290724584)
((0.2, 0.1, 1e-08, 1000), 62.49707233645461)
((0.3, 0.4, 1e-09, 1000), 62.551952196027194)
((0.7, 0.5, 0.001, 1000), 62.753093262146216)
((0.7, 0.5, 0.0001, 1000), 62.762465598909664)
((0.4, 0.6, 1e-08, 1000), 62.85258309991943)
((0.1, 0.4, 1e-12, 1000), 62.956007156191234)
((0.9, 0.3, 0.1, 1000), 62.96796328905058)
((0.8, 0.9, 1e-05, 1000), 63.04666412821143)
((0.3, 0.8, 0.01, 1000), 63.07745260567718)
((0.6, 0.8, 1e-06, 1000), 63.16838114715658)
((0.5, 0.9, 1e-06, 1000), 63.28065038044443)
((0.7, 0.8, 1e-06, 1000), 63.31530199425823)
((0.8, 0.3, 0.01, 1000), 63.33867789900763)
((0.3, 0.2, 1e-05, 1000), 63.3394263004875)
((0.4, 0.2, 1e-05, 1000), 63.365402776756646)
((0.6, 0.7, 0.1, 1000), 63.37353461748907)
((0.1, 0.3, 1e-13, 1000), 63.39635909786005)
((0.9, 0.8, 0.0001, 1000), 63.48156303297766)
((0.1, 0.8, 1e-11, 1000), 63.68598931946768)
((0.8, 0.3, 0.001, 1000), 63.689149116894455)
((0.2, 0.5, 1e-07, 1000), 63.78047567038311)
((0.8, 0.8, 1e-05, 1000), 63.836987904053906)
((0.7, 0.8, 1e-07, 1000), 63.8507344589883)
((0.9, 0.4, 0.01, 1000), 63.8764805620769)
((0.5, 0.5, 1e-05, 1000), 63.92397972685401)
((0.1, 0.9, 0.001, 1000), 63.96154434944181)
((0.1, 0.4, 0.001, 1000), 63.96638214308338)
((0.4, 0.2, 1e-06, 1000), 64.02736504350707)
((0.1, 0.5, 1e-12, 1000), 64.03409511193631)
((0.6, 0.7, 1e-07, 1000), 64.25340848223071)
((0.9, 0.8, 1e-05, 1000), 64.26103093040847)
((0.8, 0.6, 0.001, 1000), 64.28091191202705)
((0.2, 0.3, 1e-11, 1000), 64.3017430441659)
((0.6, 0.2, 0.0001, 1000), 64.33466885597724)
((0.2, 0.6, 1e-07, 1000), 64.3367113144838)
((0.5, 0.4, 1e-05, 1000), 64.36027063979381)
((0.7, 0.2, 0.1, 1000), 64.38832462366854)
((0.4, 0.6, 1e-05, 1000), 64.42635503942888)
((0.6, 0.6, 0.0001, 1000), 64.4293637042574)
((0.7, 0.7, 1e-06, 1000), 64.44422340881967)
((0.6, 0.7, 1e-06, 1000), 64.47809168347189)
((0.7, 0.8, 0.1, 1000), 64.48467431700006)
((0.8, 0.4, 0.001, 1000), 64.5174599306649)
((0.5, 0.8, 1e-05, 1000), 64.63073743717464)
((0.9, 0.5, 0.01, 1000), 64.6325767476751)
((0.3, 0.8, 1e-06, 1000), 64.63466399484753)
((0.5, 0.6, 1e-05, 1000), 64.72127547599861)
((0.2, 0.4, 1e-07, 1000), 64.73544274094236)
((0.7, 0.9, 1e-08, 1000), 64.83593271512238)
((0.7, 0.6, 0.0001, 1000), 64.88205809155804)
((0.3, 0.7, 1e-06, 1000), 64.91551035809401)
((0.5, 0.7, 0.01, 1000), 64.93546580026786)
((0.4, 0.3, 0.001, 1000), 65.01283918478401)
((0.4, 0.2, 0.01, 1000), 65.07765720444529)
((0.1, 0.7, 1e-08, 1000), 65.1376418169825)
((0.5, 0.6, 0.01, 1000), 65.17980764557416)
((0.6, 0.4, 0.1, 1000), 65.23001311766924)
((0.3, 0.6, 1e-06, 1000), 65.31488044241968)
((0.8, 0.9, 0.1, 1000), 65.37115833277541)
((0.5, 0.2, 1e-05, 1000), 65.42473263350828)
((0.5, 0.3, 1e-05, 1000), 65.47436870267005)
((0.1, 0.6, 1e-08, 1000), 65.4765018987846)
((0.3, 0.5, 1e-06, 1000), 65.47803525752636)
((0.7, 0.9, 0.01, 1000), 65.60665227620977)
((0.1, 0.5, 1e-08, 1000), 65.64705719738664)
((0.1, 0.8, 1e-08, 1000), 65.70807191076715)
((0.2, 0.7, 1e-07, 1000), 65.75143393203665)
((0.2, 0.8, 1e-07, 1000), 65.76924787309589)
((0.7, 0.3, 0.001, 1000), 65.78978199564881)
((0.8, 0.5, 0.001, 1000), 65.82291276846628)
((0.1, 0.1, 1e-09, 1000), 65.90373628121196)
((0.2, 0.3, 1e-07, 1000), 65.93077964933674)
((0.2, 0.2, 0.0001, 1000), 65.98689502462925)
((0.3, 0.4, 1e-06, 1000), 65.98891646709288)
((0.1, 0.4, 1e-08, 1000), 66.05761577364513)
((0.2, 0.8, 0.001, 1000), 66.1288149546108)
((0.7, 0.4, 0.001, 1000), 66.19369111598134)
((0.4, 0.5, 1e-05, 1000), 66.22701322851982)
((0.6, 0.5, 0.0001, 1000), 66.23734225231259)
((0.5, 0.7, 1e-05, 1000), 66.33976063410232)
((0.5, 0.1, 0.01, 1000), 66.52948137176855)
((0.7, 0.7, 0.0001, 1000), 66.56757541397302)
((0.6, 0.4, 0.0001, 1000), 66.70531373193728)
((0.2, 0.6, 0.001, 1000), 66.74330814660003)
((0.6, 0.3, 0.0001, 1000), 66.79313499637254)
((0.4, 0.4, 1e-08, 1000), 66.81754243002118)
((0.1, 0.2, 1e-08, 1000), 66.83687534320875)
((0.3, 0.3, 1e-06, 1000), 66.89814706616428)
((0.3, 0.2, 1e-06, 1000), 66.91931433382156)
((0.1, 0.3, 1e-08, 1000), 66.92835282568683)
((0.4, 0.3, 1e-05, 1000), 67.09016381114978)
((0.2, 0.5, 1e-08, 1000), 67.11146278318888)
((0.4, 0.4, 1e-05, 1000), 67.1940748121014)
((0.2, 0.2, 1e-07, 1000), 67.19740365102615)
((0.5, 0.3, 0.001, 1000), 67.40838442391826)
((0.7, 0.6, 1e-06, 1000), 67.44199568648737)
((0.3, 0.4, 0.001, 1000), 67.87669944811344)
((0.1, 0.4, 0.0001, 1000), 68.01440890975124)
((0.2, 0.1, 0.001, 1000), 68.44543964162297)
((0.2, 0.7, 0.001, 1000), 68.87658486855861)
((0.8, 0.1, 0.01, 1000), 68.98283168849707)
((0.3, 0.3, 0.01, 1000), 69.02468151269517)
((0.6, 0.8, 0.1, 1000), 69.0521260477012)
((0.1, 0.9, 1e-13, 1000), 69.51734156759628)
((0.6, 0.3, 0.1, 1000), 69.76934084051447)
((0.7, 0.1, 0.1, 1000), 70.32817341506984)
((0.7, 0.1, 0.001, 1000), 70.55836100376003)
((0.1, 0.3, 0.001, 1000), 70.59700235786913)
((0.3, 0.2, 0.0001, 1000), 70.65786368235106)
((0.2, 0.7, 0.01, 1000), 70.71779509343955)
((0.4, 0.1, 1e-05, 1000), 70.89184905920055)
((0.9, 0.8, 1e-06, 1000), 71.10882548405579)
((0.2, 0.6, 0.01, 1000), 71.18519995503735)
((0.6, 0.8, 0.01, 1000), 71.21599409660334)
((0.4, 0.1, 0.01, 1000), 71.51645508489746)
((0.3, 0.3, 1e-10, 1000), 71.9574781813572)
((0.5, 0.6, 0.1, 1000), 71.96775823844487)
((0.7, 0.9, 0.1, 1000), 72.02306767768285)
((0.4, 0.6, 1e-09, 1000), 72.13901650811023)
((0.6, 0.6, 1e-06, 1000), 72.20640144774873)
((0.6, 0.2, 0.1, 1000), 72.4665549588226)
((0.2, 0.8, 0.01, 1000), 72.55910612658201)
((0.5, 0.4, 1e-08, 1000), 72.63315008842376)
((0.3, 0.2, 0.01, 1000), 72.65685695231502)
((0.5, 0.7, 0.1, 1000), 72.7850990891871)
((0.5, 0.6, 1e-08, 1000), 72.92203215588678)
((0.4, 0.3, 1e-09, 1000), 72.9461037489976)
((0.5, 0.5, 0.1, 1000), 73.04583490065649)
((0.1, 0.2, 0.001, 1000), 73.30494622830089)
((0.5, 0.5, 1e-08, 1000), 73.36762318363596)
((0.2, 0.5, 0.01, 1000), 73.52521451346259)
((0.6, 0.1, 0.1, 1000), 73.79706594638877)
((0.1, 0.1, 1e-07, 1000), 74.03918613161387)
((0.3, 0.1, 0.01, 1000), 74.05856766626566)
((0.1, 0.1, 0.001, 1000), 74.34919957887014)
((0.2, 0.1, 1e-05, 1000), 74.50099839841846)
((0.5, 0.7, 1e-08, 1000), 74.82448782303753)
((0.5, 0.2, 0.1, 1000), 75.11607521433953)
((0.5, 0.1, 0.1, 1000), 75.17254229112427)
((0.5, 0.4, 0.1, 1000), 75.29726668843715)
((0.5, 0.8, 0.1, 1000), 75.32270568823047)
((0.2, 0.2, 0.01, 1000), 75.42565715301278)
((0.2, 0.1, 0.01, 1000), 75.4276451480053)
((0.1, 0.1, 1e-13, 1000), 75.65175827267294)
((0.4, 0.8, 1e-09, 1000), 75.66405557302407)
((0.4, 0.1, 0.1, 1000), 75.76140359321005)
((0.2, 0.4, 1e-11, 1000), 75.85555917465265)
((0.4, 0.2, 0.1, 1000), 75.89614850109663)
((0.3, 0.1, 0.1, 1000), 76.03219283592288)
((0.1, 0.1, 0.01, 1000), 76.06225952967375)
((0.3, 0.2, 0.1, 1000), 76.16100937894088)
((0.2, 0.1, 0.1, 1000), 76.16592466812752)
((0.1, 0.2, 0.01, 1000), 76.18121714608756)
((0.2, 0.2, 0.1, 1000), 76.23113109445245)
((0.1, 0.1, 0.1, 1000), 76.23146949573042)
((0.1, 0.2, 0.1, 1000), 76.24516629219201)
((0.6, 0.9, 0.1, 1000), 76.33875085559093)
((0.2, 0.4, 0.01, 1000), 76.40334054871515)
((0.1, 0.3, 0.1, 1000), 76.49130949133259)
((0.5, 0.3, 0.1, 1000), 76.55738149648874)
((0.2, 0.9, 0.01, 1000), 76.89251641966709)
((0.3, 0.4, 1e-10, 1000), 76.9368885836306)
((0.6, 0.5, 0.01, 1000), 77.00895651778129)
((0.2, 0.3, 0.1, 1000), 77.16726387616934)
((0.1, 0.4, 0.1, 1000), 77.2044685408974)
((0.2, 0.3, 0.01, 1000), 77.26296985746951)
((0.5, 0.9, 1e-09, 1000), 77.58416071606811)
((0.1, 0.3, 0.01, 1000), 77.87374031090872)
((0.1, 0.5, 0.0001, 1000), 77.9374569457066)
((0.3, 0.3, 0.1, 1000), 77.98553092757481)
((0.9, 0.7, 1e-05, 1000), 78.24180499164976)
((0.4, 0.7, 0.1, 1000), 78.27923777182306)
((0.4, 0.3, 0.1, 1000), 78.2893731200875)
((0.2, 0.2, 1e-11, 1000), 78.34296700195951)
((0.1, 0.5, 0.1, 1000), 78.48083691872135)
((0.4, 0.6, 0.1, 1000), 78.4944053390532)
((0.3, 0.9, 0.001, 1000), 78.76646951631722)
((0.3, 0.5, 0.001, 1000), 79.06641766883031)
((0.9, 0.1, 0.1, 1000), 79.09843449342695)
((0.5, 0.7, 1e-10, 1000), 79.15820055048758)
((0.6, 0.1, 0.0001, 1000), 79.19157706494117)
((0.5, 0.9, 0.1, 1000), 79.28770390702921)
((0.2, 0.4, 0.1, 1000), 79.31542218121857)
((0.4, 0.8, 0.1, 1000), 79.36618253466011)
((0.4, 0.5, 0.1, 1000), 79.52168311467038)
((0.4, 0.5, 1e-09, 1000), 79.66930172108617)
((0.2, 0.3, 0.0001, 1000), 79.72392700514852)
((0.1, 0.2, 1e-05, 1000), 79.747166799154)
((0.7, 0.6, 1e-07, 1000), 79.78510632635889)
((0.4, 0.4, 0.1, 1000), 79.95500148784502)
((0.1, 0.9, 0.0001, 1000), 79.96664214518006)
((0.1, 0.6, 0.1, 1000), 80.09214207299365)
((0.7, 0.4, 0.01, 1000), 80.31461731996149)
((0.1, 0.4, 0.01, 1000), 80.68018287457613)
((0.3, 0.4, 0.1, 1000), 80.77211172072313)
((0.4, 0.4, 1e-09, 1000), 80.97924220333117)
((0.4, 0.4, 0.001, 1000), 81.06324262493561)
((0.2, 0.8, 1e-11, 1000), 81.43522748281806)
((0.1, 0.7, 0.1, 1000), 81.54528258735715)
((0.6, 0.7, 0.01, 1000), 81.59648075439303)
((0.4, 0.9, 0.1, 1000), 81.75058794926684)
((0.2, 0.5, 0.1, 1000), 81.80309899739682)
((0.2, 0.2, 1e-05, 1000), 82.02622684867448)
((0.3, 0.7, 0.1, 1000), 82.15179925832672)
((0.1, 0.9, 0.1, 1000), 82.23409944235985)
((0.1, 0.7, 0.01, 1000), 82.27470562958648)
((0.9, 0.7, 0.1, 1000), 82.32869125638267)
((0.8, 0.7, 1e-05, 1000), 82.32976560606738)
((0.3, 0.5, 0.1, 1000), 82.341839877099)
((0.1, 0.8, 0.01, 1000), 82.37436484810705)
((0.1, 0.8, 0.1, 1000), 82.39063258852792)
((0.3, 0.8, 0.1, 1000), 82.4310840667583)
((0.3, 0.6, 0.1, 1000), 82.44989298240861)
((0.1, 0.5, 0.01, 1000), 82.45922413256184)
((0.1, 0.6, 0.01, 1000), 82.67112357542874)
((0.2, 0.6, 0.1, 1000), 83.45328267331655)
((0.8, 0.7, 1e-06, 1000), 83.47460694842559)
((0.1, 0.9, 0.01, 1000), 83.53114053269695)
((0.3, 0.2, 1e-11, 1000), 83.61746080253496)
((0.3, 0.9, 0.1, 1000), 83.66314622778613)
((0.2, 0.7, 0.1, 1000), 84.08377911145087)
((0.2, 0.6, 1e-11, 1000), 84.13786732198308)
((0.7, 0.5, 1e-06, 1000), 84.16380759303931)
((0.2, 0.8, 0.1, 1000), 84.25699643349974)
((0.2, 0.9, 0.1, 1000), 84.42475920145765)
((0.8, 0.5, 1e-06, 1000), 85.05269550388039)
((0.1, 0.6, 0.0001, 1000), 85.26135665139017)
((0.9, 0.8, 0.001, 1000), 85.37445595786767)
((0.8, 0.9, 0.01, 1000), 85.48259097610025)
((0.6, 0.6, 0.01, 1000), 85.77617287623876)
((0.1, 0.1, 1e-06, 1000), 85.91754573773062)
((0.3, 0.1, 1e-06, 1000), 86.45756931764524)
((0.3, 0.3, 0.0001, 1000), 86.48177584882269)
((0.3, 0.6, 0.001, 1000), 86.82193545941227)
((0.3, 0.6, 1e-10, 1000), 86.91163504283779)
((0.7, 0.7, 1e-07, 1000), 87.01370046390716)
((0.1, 0.8, 0.0001, 1000), 87.38369229052937)
((0.9, 0.1, 0.01, 1000), 87.5943027366086)
((0.3, 0.8, 0.001, 1000), 87.74783472911757)
((0.8, 0.1, 0.001, 1000), 88.22508784489827)
((0.1, 0.7, 0.0001, 1000), 88.42325818440482)
((0.2, 0.3, 1e-12, 1000), 88.53224320340544)
((0.4, 0.5, 1e-10, 1000), 89.02909493300339)
((0.2, 0.2, 1e-12, 1000), 89.19998663250747)
((0.8, 0.7, 0.001, 1000), 89.41454953077744)
((0.3, 0.7, 0.001, 1000), 89.56543357199409)
((0.3, 0.3, 1e-09, 1000), 89.57976405719974)
((0.4, 0.5, 1e-07, 1000), 89.64022277241341)
((0.6, 0.8, 1e-08, 1000), 89.72659907053686)
((0.4, 0.7, 1e-09, 1000), 89.81775526052043)
((0.9, 0.9, 0.0001, 1000), 89.9881154353668)
((0.4, 0.3, 0.0001, 1000), 90.35860248861101)
((0.9, 0.7, 0.01, 1000), 90.41979059032231)
((0.3, 0.9, 1e-06, 1000), 90.69195481101231)
((0.8, 0.2, 0.01, 1000), 90.72023166878238)
((0.8, 0.5, 0.01, 1000), 90.79151334177077)
((0.1, 0.9, 1e-08, 1000), 90.83054227712252)
((0.2, 0.2, 1e-06, 1000), 91.01106227410902)
((0.5, 0.9, 1e-05, 1000), 91.05695499286671)
((0.8, 0.8, 0.001, 1000), 91.82235767372495)
((0.2, 0.7, 1e-11, 1000), 91.93747674365048)
((0.5, 0.1, 1e-05, 1000), 92.1433921198925)
((0.4, 0.9, 0.001, 1000), 92.43431255553367)
((0.7, 0.1, 0.0001, 1000), 92.50128793278007)
((0.8, 0.9, 0.0001, 1000), 92.69659032701566)
((0.9, 0.5, 0.1, 1000), 92.75597586900962)
((0.8, 0.8, 1e-08, 1000), 92.87107665723039)
((0.1, 0.2, 1e-06, 1000), 93.25843744888884)
((0.6, 0.8, 0.0001, 1000), 93.39616863793694)
((0.2, 0.4, 0.0001, 1000), 93.41077015093633)
((0.1, 0.3, 1e-05, 1000), 93.42977141503977)
((0.4, 0.8, 1e-05, 1000), 93.43098264374517)
((0.1, 0.9, 1e-06, 1000), 93.50289261596942)
((0.5, 0.4, 0.001, 1000), 93.91687282549711)
((0.6, 0.4, 1e-07, 1000), 94.12275275327096)
((0.3, 0.4, 1e-08, 1000), 94.39100174371944)
((0.4, 0.5, 0.001, 1000), 94.40545695454975)
((0.7, 0.9, 0.0001, 1000), 94.55445264236059)
((0.9, 0.9, 0.001, 1000), 96.1520485586269)
((0.9, 0.2, 0.1, 1000), 96.15472311363467)
((0.2, 0.9, 1e-05, 1000), 96.21338803085288)
((0.7, 0.8, 0.01, 1000), 96.64253683936036)
((0.1, 0.4, 1e-09, 1000), 96.88009462917134)
((0.1, 0.8, 1e-06, 1000), 96.95350041774722)
((0.8, 0.6, 1e-06, 1000), 97.35751393857345)
((0.3, 0.7, 1e-10, 1000), 97.3597921400355)
((0.1, 0.9, 1e-05, 1000), 97.5617176260562)
((0.2, 0.3, 1e-05, 1000), 97.95437622771934)
((0.2, 0.8, 1e-06, 1000), 98.10911763485244)
((0.2, 0.7, 1e-06, 1000), 98.15762591501397)
((0.7, 0.7, 0.001, 1000), 98.31654124317618)
((0.2, 0.9, 0.0001, 1000), 98.3415390178937)
((0.4, 0.9, 1e-05, 1000), 98.52782496549763)
((0.9, 0.9, 0.01, 1000), 98.76841263328188)
((0.1, 0.2, 1e-07, 1000), 98.8186976066247)
((0.5, 0.7, 0.0001, 1000), 98.86697269701726)
((0.2, 0.6, 1e-06, 1000), 98.9141584508634)
((0.7, 0.6, 0.001, 1000), 98.93387646954125)
((0.7, 0.7, 1e-05, 1000), 98.97917607844349)
((0.4, 0.8, 0.001, 1000), 98.99364648322972)
((0.9, 0.8, 0.01, 1000), 99.09185346233429)
((0.1, 0.6, 1e-07, 1000), 99.1336909025527)
((0.1, 0.8, 1e-05, 1000), 99.16996426539126)
((0.3, 0.9, 0.0001, 1000), 99.23858137848727)
((0.1, 0.7, 1e-07, 1000), 99.50622740246826)
((0.3, 0.3, 1e-05, 1000), 99.51488650904392)
((0.3, 0.7, 1e-05, 1000), 99.66582736654125)
((0.1, 0.5, 1e-07, 1000), 99.71610933258046)
((0.6, 0.1, 1e-05, 1000), 99.76065388010387)
((0.3, 0.4, 0.0001, 1000), 99.81622248891993)
((0.4, 0.6, 0.001, 1000), 100.01359589220635)
((0.3, 0.6, 1e-05, 1000), 100.0181404655184)
((0.5, 0.6, 0.0001, 1000), 100.03927679735091)
((0.1, 0.3, 1e-10, 1000), 100.05922748231848)
((0.5, 0.9, 0.001, 1000), 100.07170228682497)
((0.2, 0.5, 0.0001, 1000), 100.16958394542493)
((0.2, 0.8, 0.0001, 1000), 100.24865111016187)
((0.1, 0.7, 1e-06, 1000), 100.2510634179755)
((0.6, 0.4, 0.001, 1000), 100.32226464030538)
((0.5, 0.8, 0.0001, 1000), 100.36864697176382)
((0.1, 0.7, 1e-05, 1000), 100.5496338385254)
((0.6, 0.9, 0.0001, 1000), 100.62181856530549)
((0.2, 0.3, 1e-06, 1000), 100.63971846087065)
((0.4, 0.7, 0.001, 1000), 100.8948805349501)
((0.2, 0.7, 0.0001, 1000), 101.2193747269922)
((0.3, 0.8, 1e-05, 1000), 101.22881893859316)
((0.1, 0.6, 1e-06, 1000), 101.2991158022833)
((0.2, 0.8, 1e-05, 1000), 101.33250953164864)
((0.7, 0.8, 0.001, 1000), 101.39378925868006)
((0.1, 0.5, 1e-06, 1000), 101.40507593384534)
((0.1, 0.4, 1e-07, 1000), 101.61172493949898)
((0.2, 0.6, 0.0001, 1000), 101.6410764545782)
((0.1, 0.8, 1e-07, 1000), 101.66903650982833)
((0.1, 0.3, 1e-06, 1000), 101.69283754828987)
((0.3, 0.5, 1e-05, 1000), 101.70156428885149)
((0.5, 0.6, 1e-06, 1000), 101.70797224655004)
((0.1, 0.4, 1e-05, 1000), 101.73363568578843)
((0.1, 0.6, 1e-05, 1000), 101.89185637307686)
((0.7, 0.5, 0.01, 1000), 101.95931046783046)
((0.3, 0.4, 1e-05, 1000), 102.09664752274571)
((0.1, 0.4, 1e-06, 1000), 102.11883785602257)
((0.4, 0.9, 0.0001, 1000), 102.16467901668045)
((0.1, 0.3, 1e-07, 1000), 102.3924481571557)
((0.3, 0.8, 0.0001, 1000), 102.40775686955058)
((0.8, 0.6, 0.01, 1000), 102.62539128811704)
((0.4, 0.4, 0.0001, 1000), 102.62790857709122)
((0.8, 0.9, 0.001, 1000), 102.87268455746417)
((0.2, 0.4, 1e-05, 1000), 102.9857955279949)
((0.1, 0.5, 1e-05, 1000), 103.04397748219398)
((0.4, 0.1, 1e-06, 1000), 103.51478026784915)
((0.9, 0.6, 0.1, 1000), 103.64744203220663)
((0.2, 0.7, 1e-05, 1000), 103.69541838636363)
((0.2, 0.6, 1e-05, 1000), 103.70003072408059)
((0.8, 0.7, 0.01, 1000), 103.75325006802981)
((0.3, 0.5, 0.0001, 1000), 103.77135988276827)
((0.2, 0.5, 1e-05, 1000), 103.77852464576296)
((0.7, 0.7, 0.01, 1000), 103.79425661538092)
((0.2, 0.9, 1e-06, 1000), 103.89341683020744)
((0.4, 0.6, 0.0001, 1000), 103.92354834101369)
((0.4, 0.7, 0.0001, 1000), 104.03201048598747)
((0.6, 0.5, 0.001, 1000), 104.07502171200747)
((0.5, 0.5, 0.001, 1000), 104.08047232587337)
((0.3, 0.7, 0.0001, 1000), 104.1043085107617)
((0.4, 0.5, 0.0001, 1000), 104.31839089136945)
((0.3, 0.6, 0.0001, 1000), 104.38600560155098)
((0.6, 0.6, 0.001, 1000), 104.41295194138354)
((0.6, 0.7, 0.001, 1000), 104.75373881631387)
((0.8, 0.8, 0.01, 1000), 105.06508471208467)
((0.4, 0.8, 0.0001, 1000), 105.31304578711475)
((0.6, 0.9, 0.001, 1000), 105.35710928793576)
((0.5, 0.9, 0.0001, 1000), 105.36794814800318)
((0.7, 0.6, 0.01, 1000), 105.37237804359658)
((0.3, 0.9, 1e-05, 1000), 105.50019426852768)
((0.5, 0.8, 0.001, 1000), 105.55440265723612)
((0.8, 0.6, 1e-05, 1000), 105.842767187526)
((0.1, 0.9, 1e-07, 1000), 106.14409956557516)
((0.7, 0.9, 0.001, 1000), 106.477624329768)
((0.3, 0.3, 1e-11, 1000), 106.58614306734589)
((0.5, 0.7, 0.001, 1000), 106.71867512568052)
((0.5, 0.6, 0.001, 1000), 106.73027079022225)
((0.6, 0.8, 0.001, 1000), 106.86167980436898)
((0.6, 0.5, 1e-06, 1000), 124.21065443837023)
((0.5, 0.4, 1e-07, 1000), 124.91287400116654)
((0.3, 0.5, 1e-07, 1000), 126.58652882729355)
((0.6, 0.7, 1e-09, 1000), 127.02002500086003)
((0.5, 0.3, 1e-08, 1000), 132.12736551625966)
((0.3, 0.2, 1e-10, 1000), 133.3440850484019)
((0.1, 0.2, 1e-11, 1000), 137.05328693831314)
((0.2, 0.3, 1e-09, 1000), 137.62234592907407)
((0.1, 0.1, 1e-12, 1000), 147.20704175808584)
((0.2, 0.4, 1e-08, 1000), 149.12808125012077)
((0.4, 0.2, 1e-10, 1000), 153.92503802209362)
((0.7, 0.6, 1e-05, 1000), 153.9631864084389)
((0.4, 0.3, 1e-08, 1000), 159.36216994187882)
((0.8, 0.5, 1e-05, 1000), 160.07438998256885)
((0.9, 0.7, 0.0001, 1000), 171.81106305483397)
((0.2, 0.2, 1e-10, 1000), 172.98696003744234)
((0.7, 0.4, 1e-06, 1000), 176.43616690951862)
((0.4, 0.4, 1e-07, 1000), 180.98661655662838)
((0.5, 0.5, 1e-06, 1000), 185.2471219573496)
((0.4, 0.2, 1e-09, 1000), 201.1358374018216)
((0.2, 0.1, 1e-12, 1000), 208.1281497196289)
((0.9, 0.6, 0.0001, 1000), 212.54639140015314)
((0.6, 0.3, 1e-07, 1000), 219.39980644302344)
((0.3, 0.3, 1e-08, 1000), 224.42806137356484)
((0.1, 0.3, 1e-09, 1000), 238.0021081944388)
((0.6, 0.4, 1e-06, 1000), 241.22342697536607)
((0.3, 0.1, 1e-11, 1000), 245.75739301979485)
((0.3, 0.2, 1e-09, 1000), 249.89006934525906)
((0.5, 0.2, 1e-09, 1000), 253.69094679064517)
((0.7, 0.5, 1e-05, 1000), 268.71581029720164)
((0.3, 0.4, 1e-07, 1000), 278.43121024437175)
((0.5, 0.3, 1e-07, 1000), 285.37663737708334)
((0.9, 0.5, 0.0001, 1000), 303.6422889719592)
((0.1, 0.2, 1e-10, 1000), 309.1546231246228)
((0.5, 0.2, 1e-08, 1000), 314.92993686635145)
((0.2, 0.1, 1e-11, 1000), 322.5560863636671)
((0.8, 0.4, 1e-05, 1000), 324.02642669033384)
((0.6, 0.2, 1e-08, 1000), 333.7637798175044)
((0.7, 0.3, 1e-06, 1000), 376.9187104041738)
((0.4, 0.1, 1e-10, 1000), 382.23132450466557)
((0.8, 0.6, 0.0001, 1000), 388.30556537215796)
((0.2, 0.3, 1e-08, 1000), 392.91519640496534)
((0.5, 0.4, 1e-06, 1000), 432.5312422837382)
((0.2, 0.2, 1e-09, 1000), 438.29908699548946)
((0.7, 0.2, 1e-07, 1000), 495.2938039754283)
((0.6, 0.5, 1e-05, 1000), 513.1744551186729)
((0.4, 0.3, 1e-07, 1000), 518.489752738635)
((0.4, 0.2, 1e-08, 1000), 548.8035856310187)
((0.7, 0.4, 1e-05, 1000), 638.2994954455272)
((0.3, 0.1, 1e-10, 1000), 792.5203819289198)
((0.8, 0.3, 1e-05, 1000), 824.5404108828274)
((0.8, 0.5, 0.0001, 1000), 828.5700953061033)
((0.6, 0.3, 1e-06, 1000), 828.6804285839943)
((0.6, 0.2, 1e-07, 1000), 831.277664976205)
((0.1, 0.1, 1e-11, 1000), 1192.6266349741443)
((0.3, 0.3, 1e-07, 1000), 1292.532904913626)
((0.5, 0.1, 1e-09, 1000), 1320.528119301576)
((0.3, 0.2, 1e-08, 1000), 1485.529077460895)
((0.6, 0.4, 1e-05, 1000), 2114.7293559287064)
((0.8, 0.4, 0.0001, 1000), 2524.1642989234333)
((0.5, 0.3, 1e-06, 1000), 2831.981136092175)
((0.5, 0.2, 1e-07, 1000), 2949.080943236186)
((0.2, 0.1, 1e-10, 1000), 3250.623917239351)
((0.9, 0.5, 0.001, 1000), 3308.729866628342)
((0.7, 0.2, 1e-06, 1000), 3761.623710260356)
((0.7, 0.3, 1e-05, 1000), 4348.7353050125685)
((0.4, 0.1, 1e-09, 1000), 5307.627523125921)
((0.2, 0.2, 1e-08, 1000), 6726.845673724583)
((0.9, 0.4, 0.001, 1000), 8329.048404610687)
((0.6, 0.1, 1e-08, 1000), 9485.869306026727)
((0.4, 0.2, 1e-07, 1000), 13159.597452717317)
((0.8, 0.2, 1e-05, 1000), 13980.924952072453)
((0.8, 0.3, 0.0001, 1000), 22184.694418558567)
((0.9, 0.1, 1e-10, 1000), 25264.545291424947)
((0.6, 0.3, 1e-05, 1000), 27143.684727738317)
((0.9, 0.1, 1e-11, 1000), 27664.848556806548)
((0.3, 0.1, 1e-09, 1000), 27669.61176143167)
((0.6, 0.2, 1e-06, 1000), 28263.339311011583)
((0.9, 0.1, 1e-09, 1000), 29156.02998418968)
((0.9, 0.1, 1e-08, 1000), 36926.32720654675)
((0.1, 0.1, 1e-10, 1000), 45356.48183575638)
((0.9, 0.1, 1e-07, 1000), 51402.02607910353)
((0.3, 0.2, 1e-07, 1000), 54230.695111309804)
((0.5, 0.1, 1e-08, 1000), 65698.55557625486)
((0.7, 0.1, 1e-07, 1000), 68098.96341840233)
((0.9, 0.1, 1e-06, 1000), 81818.18925071451)
((0.8, 0.1, 1e-08, 1000), 121273.37154000447)
((0.5, 0.2, 1e-06, 1000), 170717.97002493383)
((0.2, 0.1, 1e-09, 1000), 201246.50384392755)
((0.8, 0.1, 1e-06, 1000), 230906.08626377655)
((0.7, 0.2, 1e-05, 1000), 251461.0247061549)
((0.8, 0.1, 1e-07, 1000), 277401.44271007826)
((0.9, 0.1, 1e-05, 1000), 293211.72763964685)
((0.4, 0.1, 1e-08, 1000), 399968.7539645635)
((0.6, 0.1, 1e-07, 1000), 822291.312297338)
((0.3, 0.1, 1e-08, 1000), 2241317.2499045325)
((0.5, 0.1, 1e-07, 1000), 5403835.004563249)
((0.9, 0.8, 1e-08, 1000), 572998376.1196196)
((0.9, 0.3, 0.001, 1000), 2794211663.9171004)
((0.9, 0.4, 0.0001, 1000), 6288136580.245533)
((0.9, 0.9, 1e-08, 1000), 8261934818.323453)
((0.9, 0.5, 1e-05, 1000), 9156020547.426989)
((0.8, 0.2, 0.0001, 1000), 29174362135.29119)
((0.9, 0.7, 1e-06, 1000), 48119129778.804565)
((0.9, 0.3, 0.0001, 1000), 60370629437.931)
((0.7, 0.8, 1e-09, 1000), 78475621226.08441)
((0.9, 0.5, 1e-06, 1000), 94304325219.69498)
((0.9, 0.4, 1e-05, 1000), 102267725876.33093)
((0.9, 0.3, 1e-05, 1000), 108194685845.83105)
((0.9, 0.1, 0.0001, 1000), 123043976202.8447)
((0.9, 0.8, 1e-09, 1000), 124911505309.93556)
((0.9, 0.6, 1e-05, 1000), 133282929346.66685)
((0.9, 0.2, 0.0001, 1000), 146516176974.02136)
((0.7, 0.5, 1e-07, 1000), 186276950706.03586)
((0.8, 0.4, 1e-06, 1000), 199713588810.12915)
((0.8, 0.2, 1e-06, 1000), 252517085227.75287)
((0.8, 0.4, 1e-07, 1000), 267366583058.2685)
((0.8, 0.3, 1e-06, 1000), 274357595939.56943)
((0.9, 0.7, 1e-07, 1000), 281578029462.4802)
((0.8, 0.5, 1e-07, 1000), 297119414813.87067)
((0.9, 0.4, 1e-06, 1000), 343341324820.11316)
((0.9, 0.7, 1e-08, 1000), 347200461281.1571)
((0.9, 0.3, 1e-07, 1000), 372402062210.6314)
((0.8, 0.1, 1e-05, 1000), 408624886946.3907)
((0.5, 0.5, 1e-09, 1000), 448745325870.2409)
((0.8, 0.7, 1e-07, 1000), 517677922172.8824)
((0.9, 0.6, 1e-06, 1000), 668361198694.2087)
((0.9, 0.4, 1e-07, 1000), 837162755189.4844)
((0.9, 0.6, 1e-07, 1000), 1069478202144.7324)
((0.7, 0.1, 1e-06, 1000), 1257999965447.263)
((0.9, 0.8, 1e-07, 1000), 1575890032176.6492)
((0.6, 0.6, 1e-08, 1000), 1592120016016.8743)
((0.9, 0.9, 1e-10, 1000), 1719551382675.151)
((0.7, 0.4, 1e-07, 1000), 2324987574002.3613)
((0.6, 0.3, 1e-08, 1000), 2692729957422.3286)
((0.9, 0.5, 1e-07, 1000), 2733528270698.2764)
((0.6, 0.1, 1e-06, 1000), 2934648028207.441)
((0.7, 0.8, 1e-10, 1000), 2935715088843.9355)
((0.6, 0.6, 1e-10, 1000), 3218020519766.118)
((0.9, 0.2, 1e-05, 1000), 3226344210693.7495)
((0.4, 0.1, 1e-07, 1000), 3307711909316.1733)
((0.8, 0.5, 1e-08, 1000), 4052327533415.0913)
((0.8, 0.7, 1e-08, 1000), 5236313487371.63)
((0.8, 0.2, 1e-07, 1000), 5512832258972.415)
((0.8, 0.8, 1e-07, 1000), 5524260207147.747)
((0.9, 0.3, 1e-08, 1000), 5853212926298.365)
((0.9, 0.2, 1e-07, 1000), 6095687352429.03)
((0.9, 0.2, 0.001, 1000), 6351476018095.001)
((0.9, 0.2, 1e-08, 1000), 6515844123973.116)
((0.9, 0.3, 1e-09, 1000), 8456672045259.763)
((0.7, 0.7, 1e-08, 1000), 8622627213434.734)
((0.7, 0.5, 1e-09, 1000), 10245279584370.59)
((0.1, 0.9, 1e-11, 1000), 10249218001017.492)
((0.4, 0.3, 1e-11, 1000), 12883439529296.576)
((0.5, 0.4, 1e-09, 1000), 13280522521346.457)
((0.7, 0.9, 1e-11, 1000), 13477912738124.504)
((0.8, 0.2, 1e-08, 1000), 19007353372795.062)
((0.8, 0.9, 1e-10, 1000), 19917218324093.285)
((0.7, 0.6, 1e-08, 1000), 20251770168569.703)
((0.6, 0.3, 1e-10, 1000), 21307735477787.168)
((0.8, 0.9, 1e-09, 1000), 21791053718104.594)
((0.5, 0.3, 1e-09, 1000), 22550703999972.426)
((0.7, 0.8, 1e-08, 1000), 22783283644891.01)
((0.8, 0.7, 1e-09, 1000), 23861069009646.16)
((0.7, 0.4, 1e-08, 1000), 24256183112208.938)
((0.9, 0.2, 1e-09, 1000), 33420753122185.15)
((0.6, 0.7, 1e-08, 1000), 34661742412452.48)
((0.8, 0.4, 1e-08, 1000), 35265608319308.2)
((0.7, 0.5, 1e-08, 1000), 46530323905709.06)
((0.6, 0.2, 1e-09, 1000), 50900483639665.93)
((0.6, 0.4, 1e-08, 1000), 56816926726088.46)
((0.9, 0.4, 1e-08, 1000), 62466946678299.04)
((0.7, 0.6, 1e-10, 1000), 64286569032813.516)
((0.8, 0.5, 1e-09, 1000), 67061924787967.76)
((0.8, 0.6, 1e-09, 1000), 71063393052133.0)
((0.6, 0.5, 1e-08, 1000), 78415900055831.14)
((0.7, 0.7, 1e-09, 1000), 95275801953152.89)
((0.9, 0.4, 1e-09, 1000), 98514030237948.3)
((0.9, 0.7, 1e-09, 1000), 105826171948383.64)
((0.6, 0.7, 1e-10, 1000), 118036508881363.11)
((0.9, 0.6, 1e-09, 1000), 129209895344216.23)
((0.8, 0.2, 1e-09, 1000), 130546781266936.72)
((0.7, 0.3, 1e-09, 1000), 133375744238714.98)
((0.7, 0.9, 1e-09, 1000), 147982140059961.22)
((0.6, 0.3, 1e-09, 1000), 151281753255811.34)
((0.7, 0.3, 1e-08, 1000), 157299411410261.8)
((0.5, 0.7, 1e-09, 1000), 168545237012849.4)
((0.9, 0.5, 1e-08, 1000), 246823521346355.62)
((0.8, 0.1, 1e-09, 1000), 266523795060839.4)
((0.8, 0.6, 1e-07, 1000), 279284346997217.97)
((0.8, 0.3, 1e-08, 1000), 298485640458644.6)
((0.8, 0.3, 1e-07, 1000), 343612878823849.75)
((0.8, 0.9, 1e-08, 1000), 482595261957673.75)
((0.5, 0.8, 1e-09, 1000), 528781792431645.56)
((0.7, 0.3, 1e-07, 1000), 533505112153469.1)
((0.9, 0.3, 1e-06, 1000), 535348523985392.8)
((0.5, 0.3, 1e-11, 1000), 591668110958455.8)
((0.7, 0.7, 1e-10, 1000), 602224286392424.6)
((0.2, 0.9, 1e-11, 1000), 632218344018882.2)
((0.8, 0.4, 1e-09, 1000), 659347643022026.9)
((0.4, 0.4, 1e-10, 1000), 785789049128458.2)
((0.7, 0.1, 1e-08, 1000), 790702178927779.8)
((0.5, 0.2, 1e-10, 1000), 792521568601104.1)
((0.9, 0.2, 1e-06, 1000), 880949854014926.2)
((0.8, 0.4, 1e-11, 1000), 908491158186336.1)
((0.7, 0.2, 1e-09, 1000), 908785378315447.4)
((0.8, 0.8, 1e-09, 1000), 944734412678020.2)
((0.8, 0.4, 1e-10, 1000), 1259178997264742.8)
((0.9, 0.5, 1e-10, 1000), 1277567863052211.5)
((0.9, 0.4, 1e-10, 1000), 1297796050003497.5)
((0.7, 0.4, 1e-09, 1000), 1343644591146005.5)
((0.7, 0.9, 1e-10, 1000), 1392562534950425.8)
((0.9, 0.5, 1e-09, 1000), 1489660045950766.2)
((0.7, 0.6, 1e-09, 1000), 1811492071216072.8)
((0.7, 0.2, 1e-10, 1000), 1862135364717047.5)
((0.9, 0.6, 1e-11, 1000), 1874654560421409.0)
((0.6, 0.8, 1e-09, 1000), 1953249271501266.5)
((0.8, 0.2, 1e-10, 1000), 2043419471690099.8)
((0.7, 0.2, 1e-08, 1000), 2058907158314283.0)
((0.5, 0.9, 1e-10, 1000), 2072704672790168.0)
((0.9, 0.7, 1e-10, 1000), 2121015709466309.5)
((0.9, 0.7, 1e-11, 1000), 2122200716077543.8)
((0.4, 0.3, 1e-10, 1000), 2251929047016383.5)
((0.9, 0.6, 1e-08, 1000), 2361948040331264.0)
((0.5, 0.5, 1e-11, 1000), 2630893041218297.0)
((0.9, 0.8, 1e-10, 1000), 2703133230916803.0)
((0.6, 0.4, 1e-09, 1000), 2792484555370051.0)
((0.5, 0.6, 1e-09, 1000), 3010942739481897.0)
((0.6, 0.9, 1e-09, 1000), 3390443919268886.5)
((0.9, 0.6, 1e-10, 1000), 3760069979841982.0)
((0.6, 0.4, 1e-10, 1000), 3944970758004607.0)
((0.8, 0.5, 1e-10, 1000), 4179234691228409.0)
((0.6, 0.5, 1e-10, 1000), 4213718338383688.0)
((0.7, 0.5, 1e-10, 1000), 4407287119113731.5)
((0.3, 0.4, 1e-11, 1000), 4842012218715821.0)
((0.8, 0.8, 1e-10, 1000), 4852807794336858.0)
((0.9, 0.5, 1e-11, 1000), 4934595479440497.0)
((0.9, 0.3, 1e-10, 1000), 5055088126266835.0)
((0.4, 0.9, 1e-10, 1000), 5159444882251096.0)
((0.9, 0.2, 1e-10, 1000), 5729003736288398.0)
((0.5, 0.3, 1e-10, 1000), 5757859805829022.0)
((0.9, 0.2, 1e-12, 1000), 7349721559872111.0)
((0.8, 0.4, 1e-12, 1000), 7373874685409807.0)
((0.4, 0.7, 1e-12, 1000), 7952287444047110.0)
((0.7, 0.3, 1e-10, 1000), 9091620630648418.0)
((0.8, 0.7, 1e-10, 1000), 9343957907538358.0)
((0.5, 0.4, 1e-10, 1000), 1.0541486169308512e+16)
((0.4, 0.2, 1e-11, 1000), 1.0692430081910512e+16)
((0.5, 0.8, 1e-10, 1000), 1.1064185565423662e+16)
((0.8, 0.6, 1e-10, 1000), 1.2916653103942088e+16)
((0.8, 0.6, 1e-08, 1000), 1.386923186633567e+16)
((0.6, 0.6, 1e-09, 1000), 1.409483094136092e+16)
((0.7, 0.1, 1e-09, 1000), 1.411430070437467e+16)
((0.4, 0.5, 1e-11, 1000), 1.4674992998770714e+16)
((0.4, 0.7, 1e-10, 1000), 1.5297213145654918e+16)
((0.2, 0.4, 1e-13, 1000), 1.677491136590935e+16)
((0.9, 0.3, 1e-11, 1000), 1.8886402581858176e+16)
((0.8, 0.6, 1e-11, 1000), 1.8954026297555332e+16)
((0.6, 0.1, 1e-09, 1000), 1.928733750473783e+16)
((0.5, 0.9, 1e-11, 1000), 1.9607856380826988e+16)
((0.6, 0.2, 1e-10, 1000), 2.0281765489043292e+16)
((0.6, 0.8, 1e-10, 1000), 2.053654074713094e+16)
((0.8, 0.9, 1e-11, 1000), 2.105832320302452e+16)
((0.8, 0.1, 1e-10, 1000), 2.276587278805424e+16)
((0.8, 0.1, 1e-11, 1000), 2.510807041201943e+16)
((0.5, 0.4, 1e-12, 1000), 2.5855015411724964e+16)
((0.7, 0.6, 1e-11, 1000), 3.07046845088727e+16)
((0.4, 0.9, 1e-11, 1000), 3.167867210316852e+16)
((0.8, 0.5, 1e-11, 1000), 3.217764057760077e+16)
((0.6, 0.1, 1e-10, 1000), 3.526674321720442e+16)
((0.5, 0.6, 1e-10, 1000), 3.5928059121863776e+16)
((0.5, 0.1, 1e-10, 1000), 3.861323440324737e+16)
((0.8, 0.3, 1e-12, 1000), 4.060108469783483e+16)
((0.6, 0.2, 1e-11, 1000), 4.121275538916594e+16)
((0.6, 0.9, 1e-11, 1000), 5.374116351439064e+16)
((0.4, 0.8, 1e-11, 1000), 5.439675656657043e+16)
((0.6, 0.6, 1e-11, 1000), 5.548143283142672e+16)
((0.4, 0.9, 1e-13, 1000), 5.760735320401204e+16)
((0.7, 0.1, 1e-10, 1000), 6.088086171662049e+16)
((0.5, 0.8, 1e-11, 1000), 6.666038317231874e+16)
((0.8, 0.3, 1e-11, 1000), 6.695270981238715e+16)
((0.8, 0.3, 1e-09, 1000), 6.731293716438347e+16)
((0.9, 0.1, 1e-12, 1000), 6.78607490265487e+16)
((0.2, 0.5, 1e-12, 1000), 6.963160378858836e+16)
((0.5, 0.6, 1e-11, 1000), 8.354850477672862e+16)
((0.8, 0.7, 1e-11, 1000), 8.95087614990254e+16)
((0.8, 0.8, 1e-11, 1000), 8.99966300313918e+16)
((0.1, 0.8, 1e-12, 1000), 9.264694517306661e+16)
((0.3, 0.9, 1e-11, 1000), 9.879104025110845e+16)
((0.7, 0.4, 1e-10, 1000), 1.1065773280890123e+17)
((0.7, 0.7, 1e-13, 1000), 1.2080465142305624e+17)
((0.6, 0.3, 1e-11, 1000), 1.2535753897960894e+17)
((0.6, 0.9, 1e-10, 1000), 1.5209031395120435e+17)
((0.5, 0.5, 1e-10, 1000), 1.525158219648408e+17)
((0.9, 0.9, 1e-11, 1000), 1.5819969569282976e+17)
((0.7, 0.1, 1e-11, 1000), 1.59569151795299e+17)
((0.4, 0.7, 1e-11, 1000), 1.8116600658206317e+17)
((0.4, 0.4, 1e-11, 1000), 1.954190038451655e+17)
((0.7, 0.6, 1e-13, 1000), 2.0023125906934848e+17)
((0.3, 0.5, 1e-11, 1000), 2.0453342618288032e+17)
((0.7, 0.3, 1e-11, 1000), 2.252406925029739e+17)
((0.2, 0.5, 1e-11, 1000), 2.3599293367594496e+17)
((0.7, 0.1, 1e-12, 1000), 2.4417138504020147e+17)
((0.8, 0.6, 1e-12, 1000), 2.449603324616715e+17)
((0.6, 0.9, 1e-12, 1000), 2.5859816079570992e+17)
((0.8, 0.3, 1e-10, 1000), 2.698299163373532e+17)
((0.5, 0.6, 1e-12, 1000), 2.7383178575002333e+17)
((0.4, 0.1, 1e-11, 1000), 2.808469443266197e+17)
((0.3, 0.5, 1e-10, 1000), 2.8561423847581965e+17)
((0.2, 0.9, 1e-13, 1000), 2.8709743101165613e+17)
((0.6, 0.7, 1e-11, 1000), 2.915699378642824e+17)
((0.9, 0.4, 1e-11, 1000), 3.05327562009841e+17)
((0.7, 0.3, 1e-13, 1000), 3.3198987618131226e+17)
((0.1, 0.9, 1e-12, 1000), 3.3750007044129766e+17)
((0.7, 0.3, 1e-12, 1000), 3.5474885644937075e+17)
((0.9, 0.7, 1e-12, 1000), 3.682425528099511e+17)
((0.3, 0.8, 1e-10, 1000), 4.305377943000333e+17)
((0.6, 0.1, 1e-11, 1000), 4.880244208023009e+17)
((0.8, 0.5, 1e-12, 1000), 4.951084404932816e+17)
((0.5, 0.7, 1e-11, 1000), 5.0574090903133286e+17)
((0.3, 0.4, 1e-12, 1000), 5.39204895457741e+17)
((0.7, 0.4, 1e-12, 1000), 5.4680251474829114e+17)
((0.9, 0.4, 1e-12, 1000), 5.560131991714832e+17)
((0.5, 0.7, 1e-12, 1000), 5.774916777548541e+17)
((0.9, 0.8, 1e-12, 1000), 6.510162398347672e+17)
((0.7, 0.2, 1e-11, 1000), 6.67326540149836e+17)
((0.3, 0.8, 1e-12, 1000), 6.789975334373797e+17)
((0.4, 0.6, 1e-11, 1000), 7.028736514246065e+17)
((0.6, 0.7, 1e-12, 1000), 7.089103085060398e+17)
((0.7, 0.6, 1e-12, 1000), 7.124238441366057e+17)
((0.4, 0.1, 1e-12, 1000), 7.163614561972791e+17)
((0.3, 0.7, 1e-11, 1000), 7.199477976832439e+17)
((0.5, 0.2, 1e-12, 1000), 7.279278539767027e+17)
((0.5, 0.4, 1e-11, 1000), 7.676774168249592e+17)
((0.4, 0.3, 1e-12, 1000), 8.023662106081313e+17)
((0.8, 0.1, 1e-12, 1000), 8.449576904380271e+17)
((0.4, 0.2, 1e-12, 1000), 8.531510323737673e+17)
((0.3, 0.7, 1e-12, 1000), 8.762135484212184e+17)
((0.4, 0.8, 1e-10, 1000), 9.229234715733267e+17)
((0.7, 0.7, 1e-11, 1000), 9.734897714278592e+17)
((0.3, 0.2, 1e-12, 1000), 9.997171240685256e+17)
((0.8, 0.7, 1e-12, 1000), 1.0014244511850607e+18)
((0.3, 0.3, 1e-12, 1000), 1.0615522929696847e+18)
((0.9, 0.8, 1e-11, 1000), 1.1209009136926688e+18)
((0.7, 0.5, 1e-12, 1000), 1.2425749353615214e+18)
((0.5, 0.9, 1e-12, 1000), 1.2552494968199777e+18)
((0.3, 0.9, 1e-12, 1000), 1.2582455894088259e+18)
((0.3, 0.1, 1e-12, 1000), 1.2871223134904517e+18)
((0.4, 0.7, 1e-13, 1000), 1.2991529065812017e+18)
((0.9, 0.9, 1e-13, 1000), 1.3594169224517962e+18)
((0.6, 0.6, 1e-12, 1000), 1.502818130636504e+18)
((0.3, 0.8, 1e-11, 1000), 1.596753123116262e+18)
((0.3, 0.6, 1e-11, 1000), 1.6545858381167885e+18)
((0.6, 0.5, 1e-11, 1000), 1.7690045681302113e+18)
((0.7, 0.8, 1e-11, 1000), 1.8001601094919035e+18)
((0.6, 0.8, 1e-11, 1000), 1.8937203098659658e+18)
((0.9, 0.3, 1e-12, 1000), 1.9466255283577697e+18)
((0.7, 0.4, 1e-11, 1000), 2.0569069737370493e+18)
((0.7, 0.2, 1e-12, 1000), 2.0786450502599557e+18)
((0.9, 0.6, 1e-12, 1000), 2.240905323476313e+18)
((0.7, 0.8, 1e-12, 1000), 2.4293405966732355e+18)
((0.8, 0.5, 1e-13, 1000), 2.4604065423965215e+18)
((0.5, 0.1, 1e-12, 1000), 2.738171520274166e+18)
((0.8, 0.2, 1e-12, 1000), 3.023325619960824e+18)
((0.2, 0.8, 1e-12, 1000), 3.1012528596502426e+18)
((0.5, 0.1, 1e-11, 1000), 3.186119405315582e+18)
((0.7, 0.4, 1e-13, 1000), 3.2498368255670784e+18)
((0.6, 0.4, 1e-11, 1000), 3.359327950971983e+18)
((0.7, 0.7, 1e-12, 1000), 3.441801304579293e+18)
((0.8, 0.9, 1e-12, 1000), 3.5906018753674563e+18)
((0.7, 0.5, 1e-11, 1000), 3.9921369415364393e+18)
((0.5, 0.5, 1e-12, 1000), 4.1349543029093125e+18)
((0.6, 0.5, 1e-13, 1000), 4.3329096458634035e+18)
((0.4, 0.9, 1e-12, 1000), 5.003092744989701e+18)
((0.9, 0.2, 1e-11, 1000), 5.01351182188338e+18)
((0.5, 0.8, 1e-12, 1000), 5.091669702709618e+18)
((0.4, 0.5, 1e-12, 1000), 5.238822466373618e+18)
((0.6, 0.8, 1e-12, 1000), 6.327603061743635e+18)
((0.5, 0.9, 1e-13, 1000), 6.481746941909034e+18)
((0.4, 0.4, 1e-12, 1000), 6.808666386095784e+18)
((0.8, 0.8, 1e-12, 1000), 7.224192777765363e+18)
((0.8, 0.3, 1e-13, 1000), 8.655195173553716e+18)
((0.5, 0.2, 1e-13, 1000), 8.866900599568231e+18)
((0.1, 0.5, 1e-13, 1000), 9.06695257608834e+18)
((0.6, 0.8, 1e-13, 1000), 9.83158685329331e+18)
((0.3, 0.4, 1e-13, 1000), 1.0373714480244228e+19)
((0.8, 0.2, 1e-13, 1000), 1.2561107121478988e+19)
((0.4, 0.8, 1e-12, 1000), 1.2746035538478533e+19)
((0.5, 0.2, 1e-11, 1000), 1.5173796327733567e+19)
((0.9, 0.5, 1e-12, 1000), 1.5384286532575306e+19)
((0.6, 0.1, 1e-13, 1000), 1.7158795371139953e+19)
((0.2, 0.4, 1e-12, 1000), 1.7550832781774266e+19)
((0.6, 0.2, 1e-12, 1000), 1.8076062094541441e+19)
((0.2, 0.7, 1e-12, 1000), 1.843615293230472e+19)
((0.5, 0.3, 1e-12, 1000), 1.870725700264463e+19)
((0.6, 0.3, 1e-12, 1000), 1.9021016546895774e+19)
((0.2, 0.9, 1e-12, 1000), 1.943592693102776e+19)
((0.2, 0.9, 1e-14, 1000), 1.9478636384671285e+19)
((0.9, 0.8, 1e-13, 1000), 1.9990822948277174e+19)
((0.6, 0.9, 1e-13, 1000), 2.044930848244904e+19)
((0.1, 0.6, 1e-13, 1000), 2.1950655483695206e+19)
((0.9, 0.9, 1e-12, 1000), 2.2977880732874584e+19)
((0.6, 0.3, 1e-13, 1000), 2.4518875713286967e+19)
((0.4, 0.6, 1e-13, 1000), 2.5103728976255054e+19)
((0.7, 0.8, 1e-13, 1000), 2.898241711763493e+19)
((0.8, 0.4, 1e-13, 1000), 3.1793565221131825e+19)
((0.4, 0.3, 1e-13, 1000), 4.075991141144065e+19)
((0.5, 0.7, 1e-13, 1000), 4.242949043510074e+19)
((0.1, 0.8, 1e-13, 1000), 4.873899572049292e+19)
((0.5, 0.6, 1e-13, 1000), 5.773735497880398e+19)
((0.2, 0.6, 1e-13, 1000), 6.212419548894213e+19)
((0.2, 0.8, 1e-13, 1000), 6.612931396964121e+19)
((0.8, 0.2, 1e-11, 1000), 7.570224534085167e+19)
((0.6, 0.4, 1e-12, 1000), 8.772281047626147e+19)
((0.2, 0.2, 1e-13, 1000), 9.26131327144371e+19)
((0.7, 0.9, 1e-12, 1000), 9.268278177618569e+19)
((0.4, 0.8, 1e-13, 1000), 9.977153751580257e+19)
((0.6, 0.5, 1e-12, 1000), 1.0561896405155058e+20)
((0.5, 0.4, 1e-13, 1000), 1.1565010253214384e+20)
((0.4, 0.1, 1e-13, 1000), 1.2072900093757194e+20)
((0.6, 0.7, 1e-13, 1000), 1.552614782447351e+20)
((0.2, 0.6, 1e-12, 1000), 1.573027800319702e+20)
((0.7, 0.2, 1e-13, 1000), 1.606522910219994e+20)
((0.5, 0.7, 1e-14, 1000), 2.4623935357706027e+20)
((0.4, 0.6, 1e-12, 1000), 2.4886205111250708e+20)
((0.2, 0.3, 1e-13, 1000), 2.8151579602367526e+20)
((0.9, 0.3, 1e-13, 1000), 2.942850269349836e+20)
((0.3, 0.5, 1e-12, 1000), 2.9702911728396416e+20)
((0.3, 0.6, 1e-12, 1000), 3.031658875394116e+20)
((0.5, 0.2, 1e-15, 1000), 3.2611605868504534e+20)
((0.9, 0.7, 1e-13, 1000), 3.3407154573643284e+20)
((0.3, 0.9, 1e-13, 1000), 3.340942448948258e+20)
((0.1, 0.4, 1e-13, 1000), 3.546545716845451e+20)
((0.5, 0.6, 1e-14, 1000), 3.620634349255324e+20)
((0.6, 0.1, 1e-12, 1000), 3.662298343121639e+20)
((0.6, 0.4, 1e-13, 1000), 3.8637910631354335e+20)
((0.3, 0.2, 1e-13, 1000), 3.893630551277872e+20)
((0.4, 0.4, 1e-14, 1000), 4.274900628430274e+20)
((0.3, 0.6, 1e-13, 1000), 4.6784643268734235e+20)
((0.2, 0.7, 1e-13, 1000), 4.9957254935771965e+20)
((0.9, 0.6, 1e-13, 1000), 5.0842809617590446e+20)
((0.7, 0.5, 1e-13, 1000), 5.2786190538504464e+20)
((0.5, 0.8, 1e-13, 1000), 5.985907440129977e+20)
((0.6, 0.2, 1e-13, 1000), 6.182289630642628e+20)
((0.4, 0.5, 1e-13, 1000), 6.769142427633903e+20)
((0.5, 0.1, 1e-13, 1000), 7.767518865237874e+20)
((0.4, 0.5, 1e-14, 1000), 7.978718740779676e+20)
((0.6, 0.6, 1e-13, 1000), 8.723384888327543e+20)
((0.7, 0.9, 1e-13, 1000), 1.0071594065930739e+21)
((0.3, 0.7, 1e-13, 1000), 1.1102655812184639e+21)
((0.3, 0.1, 1e-13, 1000), 1.5356742647639302e+21)
((0.3, 0.8, 1e-13, 1000), 1.6250406131862072e+21)
((0.5, 0.3, 1e-13, 1000), 1.63246480098466e+21)
((0.2, 0.1, 1e-13, 1000), 1.92859217431468e+21)
((0.3, 0.5, 1e-13, 1000), 2.050243629704758e+21)
((0.3, 0.3, 1e-15, 1000), 2.1392639350841147e+21)
((0.8, 0.7, 1e-13, 1000), 2.828666518189971e+21)
((0.6, 0.5, 1e-09, 1000), 2.914253826356002e+21)
((0.1, 0.7, 1e-13, 1000), 3.1368687990258716e+21)
((0.9, 0.1, 1e-15, 1000), 3.3124561129494555e+21)
((0.8, 0.6, 1e-13, 1000), 4.0836685957760444e+21)
((0.3, 0.3, 1e-13, 1000), 4.7112643302480213e+21)
((0.3, 0.8, 1e-14, 1000), 4.922391003156437e+21)
((0.6, 0.4, 1e-15, 1000), 6.9492159125896e+21)
((0.5, 0.5, 1e-13, 1000), 7.353012338779203e+21)
((0.8, 0.1, 1e-13, 1000), 7.455715496897344e+21)
((0.9, 0.1, 1e-13, 1000), 8.028439054414217e+21)
((0.6, 0.6, 1e-14, 1000), 8.444354143671851e+21)
((0.4, 0.2, 1e-13, 1000), 9.390089861551583e+21)
((0.5, 0.6, 1e-15, 1000), 1.0109621193858385e+22)
((0.2, 0.5, 1e-13, 1000), 1.2592779972720179e+22)
((0.7, 0.1, 1e-13, 1000), 1.3616376086997741e+22)
((0.2, 0.9, 1e-15, 1000), 1.5299598016721243e+22)
((0.9, 0.4, 1e-13, 1000), 1.6170018907255434e+22)
((0.2, 0.6, 1e-15, 1000), 1.6221799578371787e+22)
((0.8, 0.1, 1e-15, 1000), 1.7777266290403045e+22)
((0.8, 0.8, 1e-13, 1000), 1.8991596411796998e+22)
((0.8, 0.4, 1e-14, 1000), 2.3341702337053524e+22)
((0.9, 0.5, 1e-13, 1000), 3.016487399485117e+22)
((0.4, 0.3, 1e-14, 1000), 4.594616328040118e+22)
((0.3, 0.9, 1e-15, 1000), 4.673766615925421e+22)
((0.9, 0.2, 1e-15, 1000), 4.824331903192694e+22)
((0.4, 0.1, 1e-14, 1000), 4.931205054177688e+22)
((0.6, 0.1, 1e-15, 1000), 4.97824272037338e+22)
((0.3, 0.6, 1e-14, 1000), 4.99221015007499e+22)
((0.7, 0.2, 1e-14, 1000), 5.765104684588771e+22)
((0.8, 0.9, 1e-13, 1000), 6.7251334769783895e+22)
((0.2, 0.2, 1e-14, 1000), 7.306432431546131e+22)
((0.3, 0.6, 1e-15, 1000), 7.342128417894315e+22)
((0.6, 0.6, 1e-15, 1000), 7.783057997090463e+22)
((0.2, 0.7, 1e-15, 1000), 7.975026862237931e+22)
((0.1, 0.8, 1e-14, 1000), 8.955537597951296e+22)
((0.4, 0.3, 1e-15, 1000), 9.618115803709925e+22)
((0.6, 0.3, 1e-15, 1000), 1.0221441105695397e+23)
((0.2, 0.5, 1e-14, 1000), 1.0538997503577906e+23)
((0.7, 0.2, 1e-15, 1000), 1.1541742240701674e+23)
((0.8, 0.6, 1e-15, 1000), 1.2950993080215192e+23)
((0.1, 0.8, 1e-15, 1000), 1.3717410743757955e+23)
((0.4, 0.4, 1e-13, 1000), 1.5327366166992766e+23)
((0.4, 0.7, 1e-15, 1000), 1.6756767094500762e+23)
((0.9, 0.2, 1e-14, 1000), 1.8004112258943074e+23)
((0.8, 0.4, 1e-15, 1000), 1.8213819179135813e+23)
((0.4, 0.2, 1e-15, 1000), 1.8556971721963267e+23)
((0.7, 0.4, 1e-14, 1000), 2.2556813436901533e+23)
((0.5, 0.5, 1e-15, 1000), 2.441591360461467e+23)
((0.1, 0.4, 1e-15, 1000), 2.8894064300543337e+23)
((0.4, 0.6, 1e-14, 1000), 3.201863537165952e+23)
((0.9, 0.4, 1e-14, 1000), 3.634472169508738e+23)
((0.4, 0.8, 1e-14, 1000), 3.7203980839801745e+23)
((0.8, 0.6, 1e-14, 1000), 3.7798135449097774e+23)
((0.1, 0.6, 1e-15, 1000), 4.5724241716896476e+23)
((0.6, 0.5, 1e-14, 1000), 4.64697582495279e+23)
((0.1, 0.1, 1e-14, 1000), 4.9544787298545174e+23)
((0.9, 0.2, 1e-13, 1000), 5.064925571852677e+23)
((0.9, 0.1, 1e-14, 1000), 5.7307982312129635e+23)
((0.8, 0.5, 1e-15, 1000), 5.899658496163439e+23)
((0.2, 0.8, 1e-14, 1000), 5.926539268357391e+23)
((0.8, 0.5, 1e-14, 1000), 7.003362965040207e+23)
((0.5, 0.7, 1e-15, 1000), 7.94234033094278e+23)
((0.4, 0.7, 1e-14, 1000), 8.794549010220412e+23)
((0.5, 0.4, 1e-15, 1000), 1.0446555577089377e+24)
((0.2, 0.7, 1e-14, 1000), 1.535606158366901e+24)
((0.3, 0.7, 1e-14, 1000), 1.5415491577970249e+24)
((0.1, 0.3, 1e-15, 1000), 1.649653708101283e+24)
((0.7, 0.3, 1e-15, 1000), 1.6896797343036205e+24)
((0.9, 0.5, 1e-15, 1000), 1.8801984941694382e+24)
((0.5, 0.9, 1e-14, 1000), 1.9564897912169217e+24)
((0.7, 0.8, 1e-14, 1000), 1.967916576004881e+24)
((0.2, 0.4, 1e-14, 1000), 1.9863299495628916e+24)
((0.7, 0.3, 1e-14, 1000), 2.0897157767183622e+24)
((0.4, 0.9, 1e-14, 1000), 2.1890211534068305e+24)
((0.2, 0.2, 1e-15, 1000), 2.3098535383875134e+24)
((0.3, 0.4, 1e-14, 1000), 2.3568867487865006e+24)
((0.2, 0.1, 1e-15, 1000), 2.7820236115256144e+24)
((0.4, 0.9, 1e-15, 1000), 3.0126460288446725e+24)
((0.8, 0.3, 1e-14, 1000), 3.125120327843776e+24)
((0.2, 0.3, 1e-14, 1000), 3.170148247335192e+24)
((0.4, 0.2, 1e-14, 1000), 3.1872341557181195e+24)
((0.4, 0.6, 1e-15, 1000), 3.217782538084765e+24)
((0.2, 0.6, 1e-14, 1000), 3.3115448166186314e+24)
((0.5, 0.8, 1e-14, 1000), 3.3255324139572346e+24)
((0.3, 0.5, 1e-15, 1000), 3.7832439547519275e+24)
((0.1, 0.5, 1e-15, 1000), 4.1008914366485456e+24)
((0.3, 0.4, 1e-15, 1000), 4.3288811015417223e+24)
((0.2, 0.8, 1e-15, 1000), 4.856171235488496e+24)
((0.6, 0.7, 1e-14, 1000), 5.091304394072483e+24)
((0.7, 0.1, 1e-15, 1000), 5.146763035809934e+24)
((0.3, 0.9, 1e-14, 1000), 5.757208397132136e+24)
((0.5, 0.3, 1e-14, 1000), 6.246101330894455e+24)
((0.8, 0.7, 1e-14, 1000), 6.377551306975959e+24)
((0.3, 0.3, 1e-14, 1000), 6.394655826238066e+24)
((0.7, 0.6, 1e-14, 1000), 7.179109750909745e+24)
((0.8, 0.3, 1e-15, 1000), 7.40417498082966e+24)
((0.8, 0.1, 1e-14, 1000), 7.797582162878048e+24)
((0.1, 0.2, 1e-15, 1000), 7.881400606706433e+24)
((0.9, 0.6, 1e-14, 1000), 1.0140688754986886e+25)
((0.7, 0.9, 1e-14, 1000), 1.0419290429705228e+25)
((0.6, 0.3, 1e-14, 1000), 1.1154796466555506e+25)
((0.8, 0.7, 1e-15, 1000), 1.2210457897128332e+25)
((0.1, 0.7, 1e-15, 1000), 1.2454123477529167e+25)
((0.5, 0.4, 1e-14, 1000), 1.2711293510076982e+25)
((0.5, 0.9, 1e-15, 1000), 1.2719625952624453e+25)
((0.3, 0.2, 1e-14, 1000), 1.354879553738031e+25)
((0.7, 0.6, 1e-15, 1000), 1.4244633399764349e+25)
((0.9, 0.3, 1e-14, 1000), 1.4842817544993864e+25)
((0.1, 0.7, 1e-14, 1000), 1.5002530336772072e+25)
((0.8, 0.2, 1e-15, 1000), 1.5574879960800379e+25)
((0.5, 0.5, 1e-14, 1000), 1.5920489709884587e+25)
((0.4, 0.4, 1e-15, 1000), 1.6441553955947082e+25)
((0.3, 0.5, 1e-14, 1000), 1.720547176533224e+25)
((0.7, 0.7, 1e-15, 1000), 1.945852342735349e+25)
((0.7, 0.9, 1e-15, 1000), 2.0474003324392847e+25)
((0.4, 0.1, 1e-15, 1000), 2.298204949140833e+25)
((0.7, 0.5, 1e-15, 1000), 2.427357120668915e+25)
((0.7, 0.8, 1e-15, 1000), 2.7214094196919807e+25)
((0.3, 0.2, 1e-15, 1000), 2.831280425897056e+25)
((0.5, 0.8, 1e-15, 1000), 2.8512515500462223e+25)
((0.1, 0.4, 1e-14, 1000), 2.9313993161574347e+25)
((0.1, 0.9, 1e-14, 1000), 3.294980854004027e+25)
((0.5, 0.1, 1e-14, 1000), 3.453065667112888e+25)
((0.8, 0.8, 1e-14, 1000), 3.5851370557370877e+25)
((0.6, 0.8, 1e-14, 1000), 4.1451050925379065e+25)
((0.1, 0.6, 1e-14, 1000), 5.320255831802446e+25)
((0.5, 0.3, 1e-15, 1000), 5.5520643404778535e+25)
((0.3, 0.7, 1e-15, 1000), 5.553578984802169e+25)
((0.1, 0.2, 1e-14, 1000), 6.185957577272935e+25)
((0.6, 0.9, 1e-14, 1000), 6.7649479489637745e+25)
((0.6, 0.1, 1e-14, 1000), 8.781148753356256e+25)
((0.5, 0.1, 1e-15, 1000), 1.1037409530158535e+26)
((0.1, 0.5, 1e-14, 1000), 1.2168341930530443e+26)
((0.5, 0.2, 1e-14, 1000), 1.3963449523057235e+26)
((0.8, 0.2, 1e-14, 1000), 1.703487409686082e+26)
((0.3, 0.1, 1e-14, 1000), 1.7953191094797958e+26)
((0.6, 0.2, 1e-15, 1000), 1.802608977795882e+26)
((0.4, 0.5, 1e-15, 1000), 2.0100630282611054e+26)
((0.9, 0.5, 1e-14, 1000), 2.2274407555011077e+26)
((0.7, 0.4, 1e-15, 1000), 2.28939949441983e+26)
((0.1, 0.3, 1e-14, 1000), 3.462584557718186e+26)
((0.7, 0.7, 1e-14, 1000), 3.700855845432475e+26)
((0.2, 0.3, 1e-15, 1000), 3.8141560336373875e+26)
((0.9, 0.3, 1e-15, 1000), 4.0064068696751655e+26)
((0.8, 0.9, 1e-15, 1000), 5.469953330503881e+26)
((0.9, 0.4, 1e-15, 1000), 5.510583398430464e+26)
((0.9, 0.7, 1e-14, 1000), 6.46874230934226e+26)
((0.1, 0.9, 1e-15, 1000), 6.849719920852068e+26)
((0.6, 0.7, 1e-15, 1000), 1.1654555431389888e+27)
((0.2, 0.4, 1e-15, 1000), 1.2467913375683964e+27)
((0.9, 0.8, 1e-15, 1000), 1.357529299599031e+27)
((0.8, 0.8, 1e-15, 1000), 1.3742072611175463e+27)
((0.7, 0.5, 1e-14, 1000), 1.5083354020195336e+27)
((0.9, 0.9, 1e-14, 1000), 1.632843941590253e+27)
((0.6, 0.9, 1e-15, 1000), 1.6918257420552444e+27)
((0.2, 0.1, 1e-14, 1000), 1.747796495480289e+27)
((0.6, 0.2, 1e-14, 1000), 1.7521509915901135e+27)
((0.1, 0.1, 1e-15, 1000), 1.8390248921031586e+27)
((0.9, 0.8, 1e-14, 1000), 2.1803759681956617e+27)
((0.2, 0.5, 1e-15, 1000), 2.1948125664096048e+27)
((0.6, 0.8, 1e-15, 1000), 2.74028430198984e+27)
((0.9, 0.6, 1e-15, 1000), 2.844859579910516e+27)
((0.6, 0.5, 1e-15, 1000), 4.14552358820857e+27)
((0.6, 0.4, 1e-14, 1000), 4.688582284824377e+27)
((0.8, 0.9, 1e-14, 1000), 7.402491611134276e+27)
((0.3, 0.1, 1e-15, 1000), 1.1391008101358563e+28)
((0.4, 0.8, 1e-15, 1000), 4.21090576783706e+28)
((0.3, 0.8, 1e-15, 1000), 4.92509299757332e+28)
((0.7, 0.1, 1e-14, 1000), 3.365697493386694e+29)
((0.9, 0.7, 1e-15, 1000), 1.5281888709809452e+30)
((0.9, 0.9, 1e-15, 1000), 9.899704569761552e+31)
