Estimator: Volterra
Total number of parameters: 1215
Time started: 20240613-083756
Validation parameters: [2500, 500, 500] (training, validation, jump)
Validation type: rolling
Task: PathContinue
Normalisation type for inputs: ScaleL2Shift
Normalisation type for targets: None
Error type: meansquare
--------------------------------------------------------------------------------
First log reached. Amount of time elapsed is 22.753965377807617 seconds.
Estimated time to finish is 273.0475845336914 seconds.
--------------------------------------------------------------------------------
((0.1, 0.1, 1e-05, 100), 109.8835629097953)
((0.1, 0.4, 1e-12, 100), 0.0005312674111337413)
((0.1, 0.2, 0.1, 100), 95.3413351192071)
((0.1, 0.3, 1e-12, 100), 0.0002764466834497617)
((0.1, 0.1, 1e-10, 100), 0.10143634687792669)
((0.1, 0.3, 0.0001, 100), 50.2318651482618)
((0.1, 0.4, 1e-11, 100), 0.000513164113830483)
((0.1, 0.1, 0.001, 100), 91.79518285021982)
((0.1, 0.3, 1e-07, 100), 1.56126222652534)
((0.1, 0.1, 1e-09, 100), 2.572076283815302)
((0.1, 0.1, 0.0001, 100), 108.53931430186023)
((0.1, 0.1, 0.01, 100), 95.00078260910203)
((0.1, 0.1, 1e-12, 100), 0.008125017378191093)
((0.1, 0.1, 1e-11, 100), 0.02386865994993158)
((0.1, 0.1, 1e-06, 100), 87.58176431957531)
((0.1, 0.2, 1e-07, 100), 26.220999609115893)
((0.1, 0.2, 1e-08, 100), 0.3211916728246818)
((0.1, 0.1, 0.1, 100), 95.38046511104727)
((0.1, 0.3, 1e-05, 100), 50.52935778351988)
((0.1, 0.4, 1e-14, 100), 86.54627629125069)
((0.1, 0.2, 1e-06, 100), 49.320669598579414)
((0.1, 0.3, 1e-13, 100), 0.11466131494487417)
((0.1, 0.3, 1e-14, 100), 26.17820370241197)
((0.1, 0.3, 1e-11, 100), 5.8324116782865055e-05)
((0.1, 0.3, 1e-06, 100), 70.45934372507692)
((0.1, 0.2, 1e-13, 100), 0.7818556790463798)
((0.1, 0.2, 1e-14, 100), 209.33235022364155)
((0.1, 0.2, 1e-05, 100), 91.28170739297468)
((0.1, 0.3, 1e-15, 100), 59.00049169618278)
((0.1, 0.1, 1e-13, 100), 0.09649675997560574)
((0.1, 0.1, 1e-08, 100), 34.72880598555137)
((0.1, 0.3, 0.001, 100), 64.94016383849632)
((0.1, 0.3, 1e-10, 100), 0.004221843332357615)
((0.1, 0.2, 1e-11, 100), 0.0020523161481713265)
((0.1, 0.4, 1e-13, 100), 0.19282425436717848)
((0.1, 0.1, 1e-07, 100), 39.16736497234024)
((0.1, 0.3, 1e-09, 100), 0.05201263877304999)
((0.1, 0.2, 0.001, 100), 103.76862348084492)
((0.1, 0.2, 0.0001, 100), 78.31913653192402)
((0.1, 0.2, 1e-15, 100), 48.338329641916495)
((0.1, 0.3, 0.1, 100), 95.55160830446704)
((0.1, 0.2, 1e-12, 100), 0.005790391125002524)
((0.1, 0.2, 1e-10, 100), 0.02423750207970153)
((0.1, 0.3, 1e-08, 100), 0.14112317708659503)
((0.1, 0.3, 0.01, 100), 96.32788863476864)
((0.1, 0.1, 1e-14, 100), 21.41245402199442)
((0.1, 0.2, 0.01, 100), 94.5851927230496)
((0.1, 0.1, 1e-15, 100), 4.582628378372859)
((0.1, 0.2, 1e-09, 100), 0.047378662973059316)
((0.1, 0.4, 1e-15, 100), 88.11337098876614)
((0.1, 0.4, 1e-10, 100), 0.0001891318021994249)
((0.1, 0.4, 1e-09, 100), 0.02184284859837128)
((0.1, 0.4, 1e-08, 100), 0.16900587448234564)
((0.1, 0.4, 1e-06, 100), 10.034126594015726)
((0.1, 0.4, 1e-07, 100), 0.5777307990176012)
((0.1, 0.4, 0.0001, 100), 43.07015723687029)
((0.1, 0.4, 1e-05, 100), 54.91242213643111)
((0.1, 0.4, 0.001, 100), 56.851716092733035)
((0.1, 0.4, 0.01, 100), 101.2712332676335)
((0.1, 0.5, 1e-06, 100), 2.9274734003791787)
((0.1, 0.5, 0.0001, 100), 56.10721165251147)
((0.1, 0.5, 1e-08, 100), 0.12860527757583332)
((0.1, 0.4, 0.1, 100), 96.2602189042123)
((0.1, 0.5, 1e-11, 100), 0.0004221389086875303)
((0.1, 0.5, 0.01, 100), 106.39851002971771)
((0.1, 0.5, 1e-07, 100), 0.6000948754037616)
((0.1, 0.5, 1e-13, 100), 0.056152061734043454)
((0.1, 0.5, 0.001, 100), 53.96739564846714)
((0.1, 0.6, 1e-11, 100), 0.0007652384840560837)
((0.1, 0.5, 1e-12, 100), 0.061798159043435594)
((0.1, 0.6, 1e-10, 100), 0.002401148232425766)
((0.1, 0.6, 0.0001, 100), 60.87041682882233)
((0.1, 0.6, 1e-06, 100), 2.1673916581292523)
((0.1, 0.6, 1e-05, 100), 51.965786414981885)
((0.1, 0.6, 1e-07, 100), 0.6556615119441023)
((0.1, 0.6, 1e-08, 100), 0.0660000422123231)
((0.1, 0.5, 1e-10, 100), 0.0005171113191536935)
((0.1, 0.5, 1e-14, 100), 186.49353330847535)
((0.1, 0.6, 1e-09, 100), 0.0003869274767839148)
((0.1, 0.5, 1e-05, 100), 52.25010905030027)
((0.1, 0.7, 1e-10, 100), 0.006620428375157766)
((0.1, 0.6, 1e-13, 100), 21.09369920874253)
((0.1, 0.6, 0.01, 100), 108.74465123934704)
((0.1, 0.6, 0.1, 100), 98.98585646643286)
((0.1, 0.5, 1e-09, 100), 0.0042081420173028135)
((0.1, 0.7, 1e-06, 100), 2.451826257911687)
((0.1, 0.5, 1e-15, 100), 74.52725138166207)
((0.1, 0.5, 0.1, 100), 97.50601867865467)
((0.1, 0.7, 1e-13, 100), 3.6040990708431524)
((0.1, 0.7, 1e-09, 100), 0.004677154979795704)
((0.1, 0.7, 1e-12, 100), 0.005337800602595488)
((0.1, 0.6, 0.001, 100), 53.49449300156782)
((0.1, 0.7, 1e-07, 100), 0.589261124460847)
((0.1, 0.7, 1e-11, 100), 0.0014275898853874825)
((0.1, 0.6, 1e-12, 100), 0.06382902538018517)
((0.1, 0.6, 1e-14, 100), 110.7935174219786)
((0.1, 0.7, 1e-15, 100), 125.38256103041958)
((0.1, 0.7, 1e-08, 100), 0.0337094875240984)
((0.1, 0.6, 1e-15, 100), 89.32425062667471)
((0.1, 0.7, 1e-14, 100), 109.89411882312714)
((0.1, 0.7, 0.0001, 100), 60.40511512876429)
((0.1, 0.7, 1e-05, 100), 53.18442628254433)
((0.1, 0.7, 0.001, 100), 53.15800501701288)
((0.1, 0.7, 0.1, 100), 100.23518005868999)
((0.1, 0.7, 0.01, 100), 109.00964999893039)
((0.1, 0.8, 1e-15, 100), 1.5730127267143866e+21)
((0.1, 0.8, 1e-12, 100), 0.021769799051021013)
((0.1, 0.8, 1e-08, 100), 0.01888770280419805)
((0.1, 0.8, 0.1, 100), 100.9247220821981)
((0.1, 0.8, 1e-09, 100), 0.019414377491061553)
((0.1, 0.8, 1e-10, 100), 0.018258019541152193)
((0.1, 0.8, 1e-11, 100), 0.002941065454577663)
((0.1, 0.8, 1e-13, 100), 3.252108418056799)
((0.1, 0.9, 1e-05, 100), 58.98638485620056)
((0.1, 0.8, 0.001, 100), 51.141378927754296)
((0.1, 0.8, 1e-06, 100), 3.077616409426283)
((0.1, 0.9, 0.001, 100), 52.90452065964831)
((0.1, 0.9, 0.0001, 100), 73.06490576215475)
((0.1, 0.8, 1e-07, 100), 0.5806324045191253)
((0.2, 0.1, 1e-05, 100), 93.36087740025297)
((0.1, 0.8, 1e-14, 100), 118.55905387485785)
((0.2, 0.1, 0.001, 100), 96.00911378697936)
((0.1, 0.9, 1e-07, 100), 0.8349958437333632)
((0.2, 0.1, 0.0001, 100), 107.57315606736552)
((0.1, 0.8, 1e-05, 100), 53.763476367225344)
((0.2, 0.1, 0.01, 100), 93.57224986924123)
((0.2, 0.1, 1e-06, 100), 59.24166402985328)
((0.2, 0.1, 0.1, 100), 95.23418044434975)
((0.1, 0.9, 1e-10, 100), 0.059679560848199996)
((0.1, 0.8, 0.0001, 100), 70.0860033024741)
((0.1, 0.9, 1e-09, 100), 0.05371158348999449)
((0.1, 0.9, 0.01, 100), 104.81893326902349)
((0.1, 0.9, 1e-08, 100), 0.023624307771393887)
((0.2, 0.1, 1e-07, 100), 73.67939939604237)
((0.1, 0.9, 1e-12, 100), 0.0005469180898164673)
((0.1, 0.9, 1e-11, 100), 0.006417652851506267)
((0.1, 0.8, 0.01, 100), 107.75744012846451)
((0.2, 0.1, 1e-11, 100), 0.015563849424157646)
((0.2, 0.1, 1e-09, 100), 0.10272691773904463)
((0.1, 0.9, 1e-06, 100), 4.650346640132024)
((0.2, 0.1, 1e-08, 100), 29.048398479770853)
((0.1, 0.9, 1e-15, 100), 141.53741914126374)
((0.2, 0.1, 1e-13, 100), 0.01824616079873643)
((0.2, 0.1, 1e-12, 100), 0.0017848807270148808)
((0.2, 0.1, 1e-14, 100), 2753.349386646138)
((0.1, 0.9, 0.1, 100), 100.79434888939284)
((0.1, 0.9, 1e-14, 100), 5.7645991186304055e+22)
((0.2, 0.1, 1e-15, 100), 101.0820411583355)
((0.1, 0.9, 1e-13, 100), 0.44526660348364755)
((0.2, 0.1, 1e-10, 100), 0.038794589048400246)
((0.2, 0.2, 1e-12, 100), 0.002001935810948932)
((0.2, 0.2, 1e-11, 100), 0.0002369696359155631)
((0.2, 0.2, 1e-13, 100), 21.534294434528547)
((0.2, 0.2, 1e-15, 100), 68.7923370636235)
((0.2, 0.2, 1e-14, 100), 105.11493918510774)
((0.2, 0.2, 1e-10, 100), 0.006330619735477579)
((0.2, 0.2, 0.01, 100), 94.9905000256172)
((0.2, 0.2, 1e-05, 100), 48.65025530417711)
((0.2, 0.2, 0.0001, 100), 91.97105741248753)
((0.2, 0.2, 1e-06, 100), 71.09344365320132)
((0.2, 0.3, 0.0001, 100), 65.71941127239405)
((0.2, 0.2, 1e-08, 100), 0.0644083118096598)
((0.2, 0.2, 1e-09, 100), 0.03974664053974603)
((0.2, 0.3, 0.01, 100), 106.94796764090458)
((0.2, 0.3, 0.001, 100), 51.403618189364074)
((0.2, 0.2, 1e-07, 100), 2.6036246777239715)
((0.2, 0.2, 0.001, 100), 68.7508051996951)
((0.2, 0.3, 1e-10, 100), 0.0002443562075685918)
((0.2, 0.3, 1e-09, 100), 0.01390787513504496)
((0.2, 0.3, 1e-13, 100), 21.59145615197302)
((0.2, 0.4, 1e-05, 100), 37.924405551396966)
((0.2, 0.3, 1e-08, 100), 0.08787487752315967)
((0.2, 0.3, 1e-07, 100), 0.23039999653006096)
((0.2, 0.4, 1e-08, 100), 0.05891684110205593)
((0.2, 0.3, 1e-05, 100), 69.6350874078697)
((0.2, 0.3, 0.1, 100), 95.78774660349671)
((0.2, 0.3, 1e-11, 100), 0.00027835946326044937)
((0.2, 0.4, 0.1, 100), 97.90027231023642)
((0.2, 0.4, 1e-12, 100), 0.03425274435913351)
((0.2, 0.5, 1e-11, 100), 0.00875689528712123)
((0.2, 0.5, 1e-13, 100), 2.1778085651052796)
((0.2, 0.3, 1e-06, 100), 9.829332229433556)
((0.2, 0.4, 0.001, 100), 48.87930180094075)
((0.2, 0.4, 1e-07, 100), 0.268537097793728)
((0.2, 0.2, 0.1, 100), 95.06904247633005)
((0.2, 0.5, 1e-12, 100), 0.0103708393690999)
((0.2, 0.4, 1e-10, 100), 0.00013567931206166583)
((0.2, 0.4, 1e-13, 100), 4.162002177551969)
((0.2, 0.4, 0.0001, 100), 50.98891946373725)
((0.2, 0.4, 1e-11, 100), 0.007327556321036789)
((0.2, 0.3, 1e-15, 100), 205.97389300037784)
((0.2, 0.4, 0.01, 100), 67.23835386578504)
((0.2, 0.4, 1e-06, 100), 1.2832836825761458)
((0.2, 0.5, 1e-15, 100), 87.0964427509983)
((0.2, 0.4, 1e-09, 100), 0.0017110474148081538)
((0.2, 0.5, 1e-14, 100), 1.5409013124039246e+20)
((0.2, 0.3, 1e-12, 100), 0.0862334575618473)
((0.2, 0.3, 1e-14, 100), 156.68564571543934)
((0.2, 0.4, 1e-14, 100), 9.583747907363175e+23)
((0.2, 0.4, 1e-15, 100), 178.0199527718741)
((0.2, 0.5, 1e-10, 100), 0.0006642099340270886)
((0.2, 0.5, 1e-09, 100), 0.00015368509523707715)
((0.2, 0.5, 1e-07, 100), 0.27152396377504595)
((0.2, 0.5, 1e-06, 100), 0.9836778011697107)
((0.2, 0.5, 1e-08, 100), 0.020484435092355695)
((0.2, 0.5, 1e-05, 100), 7.794278412905637)
((0.2, 0.5, 0.01, 100), 60.59076379929759)
((0.2, 0.5, 0.0001, 100), 62.02539809621098)
((0.2, 0.5, 0.001, 100), 50.16480903731494)
((0.2, 0.5, 0.1, 100), 100.7150306971747)
((0.2, 0.6, 0.01, 100), 57.944943211038286)
((0.2, 0.6, 1e-05, 100), 4.437756422577728)
((0.2, 0.6, 1e-12, 100), 0.3239392784079766)
((0.2, 0.6, 1e-10, 100), 0.0014770962331340733)
((0.2, 0.6, 0.1, 100), 102.90658713133261)
((0.2, 0.6, 0.001, 100), 47.64573921489566)
((0.2, 0.6, 0.0001, 100), 61.04496749600714)
((0.2, 0.7, 1e-09, 100), 0.008659129655005605)
((0.2, 0.6, 1e-06, 100), 1.1131291090410225)
((0.2, 0.7, 1e-07, 100), 0.12593816704046143)
((0.2, 0.7, 0.01, 100), 57.05587197384379)
((0.2, 0.7, 1e-10, 100), 0.0030328929233834844)
((0.2, 0.6, 1e-13, 100), 21.366263354216777)
((0.2, 0.6, 1e-11, 100), 0.0017100736427550138)
((0.2, 0.7, 1e-05, 100), 4.113236192526859)
((0.2, 0.6, 1e-15, 100), 143.7196185378554)
((0.2, 0.7, 1e-13, 100), 14.827531275010626)
((0.2, 0.6, 1e-07, 100), 0.1878851192859348)
((0.2, 0.7, 1e-08, 100), 0.0014087551644690745)
((0.2, 0.6, 1e-08, 100), 0.00452247607905953)
((0.2, 0.7, 0.1, 100), 103.77029540996836)
((0.2, 0.8, 1e-10, 100), 0.007126044888911748)
((0.2, 0.8, 1e-13, 100), 0.7434499944073201)
((0.2, 0.7, 0.0001, 100), 61.70030077169364)
((0.2, 0.7, 1e-11, 100), 0.012743172108225608)
((0.2, 0.7, 0.001, 100), 41.046589469392636)
((0.2, 0.8, 1e-09, 100), 0.02572390811222489)
((0.2, 0.6, 1e-09, 100), 0.002391595371383)
((0.2, 0.8, 1e-07, 100), 0.10629347011890748)
((0.2, 0.7, 1e-12, 100), 1.048551664027731)
((0.2, 0.8, 1e-08, 100), 0.009730620846548363)
((0.2, 0.7, 1e-06, 100), 1.1924189461203198)
((0.2, 0.7, 1e-14, 100), 3.4279998381419387e+21)
((0.2, 0.8, 1e-06, 100), 1.3053165360579735)
((0.2, 0.6, 1e-14, 100), 4.7930639750664685e+26)
((0.2, 0.8, 1e-12, 100), 0.5206033017168)
((0.2, 0.7, 1e-15, 100), 265.8272173217759)
((0.2, 0.8, 1e-11, 100), 0.018684726317562846)
((0.2, 0.8, 1e-14, 100), 1.6783302146444459e+24)
((0.2, 0.8, 1e-15, 100), 67.26618416609898)
((0.2, 0.8, 1e-05, 100), 5.219146156922452)
((0.2, 0.8, 0.0001, 100), 64.46559505057996)
((0.2, 0.8, 0.001, 100), 39.52552945564298)
((0.2, 0.8, 0.01, 100), 59.18267838555994)
((0.2, 0.8, 0.1, 100), 103.5486235799342)
((0.2, 0.9, 1e-15, 100), 104.08850026329976)
((0.2, 0.9, 1e-12, 100), 0.0011426660447948899)
((0.2, 0.9, 0.0001, 100), 76.84550041134361)
((0.2, 0.9, 1e-05, 100), 10.117624729420607)
((0.3, 0.1, 0.001, 100), 110.3979537328754)
((0.2, 0.9, 1e-09, 100), 0.08392026655403315)
((0.2, 0.9, 1e-11, 100), 0.0013630748571961673)
((0.2, 0.9, 1e-13, 100), 13.04398895925013)
((0.2, 0.9, 1e-10, 100), 0.01874025939051254)
((0.2, 0.9, 1e-07, 100), 0.14762828038106585)
((0.3, 0.1, 0.1, 100), 94.93251848852418)
((0.3, 0.1, 1e-09, 100), 0.12054784090680751)
((0.3, 0.1, 1e-05, 100), 86.02101751530775)
((0.3, 0.1, 0.01, 100), 91.49967843539403)
((0.3, 0.1, 1e-11, 100), 0.00786528649463023)
((0.2, 0.9, 0.01, 100), 76.83224099180504)
((0.3, 0.1, 0.0001, 100), 107.05480192445495)
((0.3, 0.1, 1e-08, 100), 1.2743604530970916)
((0.3, 0.1, 1e-13, 100), 0.044936988406349555)
((0.3, 0.2, 1e-11, 100), 0.00125458861188466)
((0.3, 0.1, 1e-10, 100), 0.0315232699452288)
((0.3, 0.2, 1e-10, 100), 0.0017548382825672358)
((0.2, 0.9, 1e-06, 100), 1.8819860681569704)
((0.3, 0.1, 1e-06, 100), 40.06698964443883)
((0.3, 0.2, 1e-05, 100), 46.26170131643853)
((0.2, 0.9, 0.1, 100), 102.87610763854377)
((0.2, 0.9, 0.001, 100), 58.31752360369322)
((0.3, 0.1, 1e-12, 100), 0.00045846756495249445)
((0.2, 0.9, 1e-08, 100), 0.022853902790542054)
((0.3, 0.2, 1e-13, 100), 7.420178216769662)
((0.3, 0.2, 1e-12, 100), 0.013848395508397953)
((0.3, 0.1, 1e-07, 100), 33.25092674838314)
((0.3, 0.2, 0.001, 100), 79.77828176598095)
((0.3, 0.1, 1e-14, 100), 131.31441773719706)
((0.3, 0.2, 0.0001, 100), 84.10165146194436)
((0.3, 0.2, 1e-06, 100), 25.288108322585547)
((0.3, 0.2, 0.01, 100), 105.51753768559297)
((0.2, 0.9, 1e-14, 100), 4.518730520802076e+22)
((0.3, 0.2, 1e-09, 100), 0.026241484417217256)
((0.3, 0.2, 1e-07, 100), 0.24131736062617412)
((0.3, 0.2, 1e-08, 100), 0.05976918675423027)
((0.3, 0.2, 1e-15, 100), 5.019448534574899e+26)
((0.3, 0.2, 0.1, 100), 94.47015051986189)
((0.3, 0.1, 1e-15, 100), 2.8958946812040884e+24)
((0.3, 0.2, 1e-14, 100), 105.08137703018039)
((0.3, 0.3, 1e-15, 100), 2.195695636463682e+22)
((0.3, 0.3, 1e-14, 100), 3.6852427314619258e+22)
((0.3, 0.3, 1e-13, 100), 20.400437680390304)
((0.3, 0.3, 1e-10, 100), 7.837419765021702e-06)
((0.3, 0.3, 1e-11, 100), 0.0017973979902040304)
((0.3, 0.3, 1e-12, 100), 0.006606711526075527)
((0.3, 0.3, 1e-09, 100), 0.003659754712474924)
((0.3, 0.3, 0.01, 100), 64.16367576261358)
((0.3, 0.3, 1e-08, 100), 0.054989215127933144)
((0.3, 0.3, 0.001, 100), 51.83677561383557)
((0.3, 0.3, 0.1, 100), 96.59255210330718)
((0.3, 0.3, 0.0001, 100), 49.24461131657207)
((0.3, 0.3, 1e-05, 100), 49.41530907698886)
((0.3, 0.3, 1e-06, 100), 1.231130750582978)
((0.3, 0.3, 1e-07, 100), 0.16061149323508753)
((0.3, 0.4, 1e-10, 100), 0.0008252026546321823)
((0.3, 0.4, 1e-13, 100), 22.310457207739706)
((0.3, 0.4, 1e-12, 100), 3.9232243891251803)
((0.3, 0.4, 1e-09, 100), 0.0001102840487849942)
((0.3, 0.4, 1e-08, 100), 0.01955679858077247)
((0.3, 0.4, 0.0001, 100), 53.283871363605364)
((0.3, 0.4, 1e-07, 100), 0.1809592686589393)
((0.3, 0.4, 1e-06, 100), 0.6009003570829231)
((0.3, 0.5, 1e-13, 100), 15.942997736381196)
((0.3, 0.4, 0.1, 100), 102.11718460970648)
((0.3, 0.4, 1e-05, 100), 8.308085538435474)
((0.3, 0.6, 1e-11, 100), 0.07401059128354176)
((0.3, 0.4, 0.01, 100), 55.97619401438355)
((0.3, 0.4, 1e-11, 100), 0.06970468882659894)
((0.3, 0.5, 0.0001, 100), 51.520513421706696)
((0.3, 0.6, 1e-12, 100), 0.9261387306310923)
((0.3, 0.4, 0.001, 100), 42.93890038941427)
((0.3, 0.5, 1e-09, 100), 0.0008055906444532539)
((0.3, 0.5, 1e-11, 100), 0.0050529092438610845)
((0.3, 0.4, 1e-15, 100), 2.9344750026581556e+28)
((0.3, 0.4, 1e-14, 100), 1.588650462771137e+24)
((0.3, 0.5, 0.001, 100), 64.61110828413881)
((0.3, 0.5, 1e-10, 100), 0.00048612398680269184)
((0.3, 0.5, 1e-07, 100), 0.12425825860844164)
((0.3, 0.5, 1e-08, 100), 0.0031790658073990504)
((0.3, 0.5, 1e-05, 100), 2.9236193845055887)
((0.3, 0.5, 1e-06, 100), 0.6450849357350283)
((0.3, 0.5, 1e-15, 100), 2.0719145151190993e+22)
((0.3, 0.5, 0.01, 100), 53.541544914641136)
((0.3, 0.5, 0.1, 100), 107.0958045665645)
((0.3, 0.5, 1e-12, 100), 0.2813693589721451)
((0.3, 0.5, 1e-14, 100), 9.583740408141564e+22)
((0.3, 0.6, 1e-14, 100), 4.996302226048219e+25)
((0.3, 0.6, 1e-13, 100), 17.895717864899353)
((0.3, 0.6, 1e-15, 100), 4.1959205049411756e+27)
((0.3, 0.6, 1e-10, 100), 0.000932866544732073)
((0.3, 0.6, 1e-09, 100), 0.003043460162383445)
((0.3, 0.6, 1e-07, 100), 0.06185888431991183)
((0.3, 0.6, 1e-08, 100), 0.0004888896574464758)
((0.3, 0.6, 1e-06, 100), 0.6718746720061027)
((0.3, 0.6, 1e-05, 100), 2.3007459332665485)
((0.3, 0.6, 0.01, 100), 53.271542998691736)
((0.3, 0.6, 0.0001, 100), 51.47487629111589)
((0.3, 0.6, 0.1, 100), 109.00737866715305)
((0.3, 0.6, 0.001, 100), 60.376544602889496)
((0.3, 0.7, 1e-12, 100), 14.917586328575219)
((0.3, 0.7, 1e-08, 100), 0.006063586799865407)
((0.3, 0.7, 1e-11, 100), 0.08862558189630351)
((0.3, 0.7, 1e-05, 100), 2.624581931209314)
((0.3, 0.7, 1e-09, 100), 0.008112719141684198)
((0.3, 0.7, 1e-13, 100), 29.757916256101336)
((0.3, 0.8, 1e-05, 100), 3.25261544100137)
((0.3, 0.7, 1e-10, 100), 0.00268995235104081)
((0.3, 0.8, 1e-11, 100), 0.049526419831115866)
((0.3, 0.8, 0.01, 100), 50.48236595525557)
((0.3, 0.7, 0.0001, 100), 52.93802658625162)
((0.3, 0.7, 1e-06, 100), 0.597900384885009)
((0.3, 0.8, 1e-10, 100), 0.0030695029322931515)
((0.3, 0.7, 0.001, 100), 60.96890388006537)
((0.3, 0.9, 1e-06, 100), 0.8973523226578064)
((0.3, 0.8, 1e-08, 100), 0.022475372599757012)
((0.3, 0.7, 0.01, 100), 52.9388493918255)
((0.3, 0.8, 1e-06, 100), 0.6044714339620593)
((0.3, 0.8, 1e-12, 100), 0.1320586191987946)
((0.3, 0.8, 0.001, 100), 70.74394868522987)
((0.3, 0.8, 1e-07, 100), 0.019111084355433395)
((0.3, 0.8, 1e-09, 100), 0.021627999008606066)
((0.3, 0.7, 1e-07, 100), 0.03227537426882928)
((0.3, 0.7, 0.1, 100), 109.05432907385614)
((0.3, 0.9, 1e-08, 100), 0.05713409256322652)
((0.3, 0.9, 1e-10, 100), 0.007181596441780874)
((0.3, 0.8, 0.1, 100), 107.57877224523423)
((0.3, 0.9, 1e-09, 100), 0.06692848907691774)
((0.3, 0.9, 1e-11, 100), 0.0020985475808298344)
((0.3, 0.8, 0.0001, 100), 54.51427883137977)
((0.3, 0.7, 1e-14, 100), 179.78083171257708)
((0.3, 0.9, 1e-12, 100), 2.668822051269852)
((0.3, 0.8, 1e-13, 100), 14.550589200106847)
((0.3, 0.9, 1e-07, 100), 0.027270603532971564)
((0.3, 0.9, 1e-13, 100), 8.108775362507014)
((0.3, 0.7, 1e-15, 100), 204.16124754513407)
((0.3, 0.9, 1e-14, 100), 2.812708406433903e+22)
((0.3, 0.9, 1e-15, 100), 1.5593652725999122e+26)
((0.3, 0.8, 1e-14, 100), 3.0518448918383423e+24)
((0.3, 0.8, 1e-15, 100), 5.031153326994102e+26)
((0.3, 0.9, 1e-05, 100), 4.932685208286452)
((0.3, 0.9, 0.0001, 100), 59.870544631056326)
((0.3, 0.9, 0.001, 100), 74.68261811487204)
((0.3, 0.9, 0.01, 100), 54.77884344531882)
((0.3, 0.9, 0.1, 100), 104.58128790765637)
((0.4, 0.1, 1e-15, 100), 6166.8256682568945)
((0.4, 0.1, 1e-13, 100), 22.322224971669566)
((0.4, 0.1, 1e-12, 100), 0.0011709700142219378)
((0.4, 0.1, 1e-11, 100), 0.005840246245378095)
((0.4, 0.1, 0.0001, 100), 95.11700636962274)
((0.4, 0.1, 1e-10, 100), 0.025711860933854823)
((0.4, 0.1, 1e-05, 100), 86.52363880853756)
((0.4, 0.1, 1e-06, 100), 44.58097510622652)
((0.4, 0.1, 1e-09, 100), 0.081848577429248)
((0.4, 0.1, 1e-07, 100), 24.03071065213053)
((0.4, 0.1, 1e-08, 100), 0.14422864634543703)
((0.4, 0.1, 1e-14, 100), 167.17264368207273)
((0.4, 0.2, 1e-05, 100), 67.42161145758364)
((0.4, 0.2, 0.001, 100), 86.99199711234955)
((0.4, 0.2, 0.1, 100), 93.96441320025978)
((0.4, 0.2, 1e-11, 100), 0.005912990728644547)
((0.4, 0.3, 1e-06, 100), 0.44721511966092986)
((0.4, 0.3, 1e-12, 100), 0.08211303161607675)
((0.4, 0.1, 0.1, 100), 94.31338679895646)
((0.4, 0.2, 1e-12, 100), 0.022908232303270364)
((0.4, 0.3, 0.001, 100), 54.96360806012206)
((0.4, 0.3, 0.01, 100), 56.53117758543296)
((0.4, 0.2, 1e-10, 100), 0.0006772131243692001)
((0.4, 0.3, 0.0001, 100), 49.826363592697795)
((0.4, 0.3, 0.1, 100), 101.51206049778213)
((0.4, 0.3, 1e-05, 100), 25.61252712160255)
((0.4, 0.3, 1e-08, 100), 0.030319104826722024)
((0.4, 0.2, 1e-07, 100), 0.11341941092830349)
((0.4, 0.2, 0.0001, 100), 63.1350872002425)
((0.4, 0.3, 1e-09, 100), 0.0007949214011994104)
((0.4, 0.1, 0.001, 100), 95.4848454496563)
((0.4, 0.2, 1e-08, 100), 0.06641498233111494)
((0.4, 0.3, 1e-11, 100), 0.011014593631215848)
((0.4, 0.3, 1e-07, 100), 0.14494424934379713)
((0.4, 0.1, 0.01, 100), 91.6262896341572)
((0.4, 0.2, 1e-06, 100), 9.470982345493402)
((0.4, 0.2, 1e-13, 100), 2.239394682796668)
((0.4, 0.3, 1e-13, 100), 10.88358007958072)
((0.4, 0.3, 1e-15, 100), 6.009280756790059e+29)
((0.4, 0.3, 1e-14, 100), 6.175103653702841e+24)
((0.4, 0.2, 0.01, 100), 91.47540578035294)
((0.4, 0.2, 1e-09, 100), 0.013935350605068316)
((0.4, 0.2, 1e-15, 100), 6.525877257142783e+26)
((0.4, 0.3, 1e-10, 100), 0.00012612883454216455)
((0.4, 0.2, 1e-14, 100), 3.525299505083329e+24)
((0.4, 0.4, 1e-12, 100), 0.5302239507107803)
((0.4, 0.4, 1e-15, 100), 1.91969447130878e+27)
((0.4, 0.4, 1e-11, 100), 0.0038845138325339958)
((0.4, 0.4, 1e-13, 100), 30.68024478196069)
((0.4, 0.4, 1e-10, 100), 0.00033499083210654075)
((0.4, 0.4, 1e-14, 100), 1.215249707903324e+27)
((0.4, 0.4, 1e-09, 100), 0.00015801915759884377)
((0.4, 0.4, 0.1, 100), 107.85483312974684)
((0.4, 0.4, 1e-08, 100), 0.00536040453620136)
((0.4, 0.4, 1e-07, 100), 0.11568427872047393)
((0.4, 0.4, 1e-06, 100), 0.436717086611712)
((0.4, 0.4, 0.001, 100), 61.084452199493946)
((0.4, 0.4, 1e-05, 100), 2.828548951615233)
((0.4, 0.4, 0.01, 100), 51.090562172369616)
((0.4, 0.5, 1e-13, 100), 44.72912513677943)
((0.4, 0.5, 1e-08, 100), 0.00023313487951313162)
((0.4, 0.6, 0.01, 100), 52.15814963527227)
((0.4, 0.5, 1e-11, 100), 0.0010812021575300917)
((0.4, 0.6, 1e-09, 100), 0.0030980411342471934)
((0.4, 0.5, 0.1, 100), 91.10752649350674)
((0.4, 0.5, 1e-12, 100), 0.0285915632870506)
((0.4, 0.5, 1e-07, 100), 0.05193340895598507)
((0.4, 0.5, 0.0001, 100), 32.52629604017755)
((0.4, 0.5, 1e-09, 100), 0.001137202296749701)
((0.4, 0.6, 1e-06, 100), 0.3868364102073202)
((0.4, 0.6, 0.1, 100), 86.6042466599178)
((0.4, 0.4, 0.0001, 100), 46.40993191608671)
((0.4, 0.5, 0.01, 100), 51.65709621671817)
((0.4, 0.6, 1e-11, 100), 0.014210018167455991)
((0.4, 0.7, 1e-13, 100), 31.949599010997268)
((0.4, 0.5, 1e-15, 100), 9.782749806267122e+28)
((0.4, 0.5, 1e-10, 100), 0.00041591064867977983)
((0.4, 0.6, 1e-10, 100), 0.002223586759545793)
((0.4, 0.6, 1e-05, 100), 1.7659133162063514)
((0.4, 0.6, 1e-12, 100), 0.49143723334861583)
((0.4, 0.6, 1e-13, 100), 25.11906619224193)
((0.4, 0.6, 0.0001, 100), 13.923846011870394)
((0.4, 0.7, 1e-12, 100), 5.119342739122476)
((0.4, 0.5, 0.001, 100), 52.37086860939582)
((0.4, 0.6, 1e-07, 100), 0.018819794631603833)
((0.4, 0.6, 1e-08, 100), 0.0023226266763356177)
((0.4, 0.5, 1e-06, 100), 0.47397452637819804)
((0.4, 0.5, 1e-14, 100), 5.0492004053161635e+26)
((0.4, 0.6, 1e-15, 100), 4.029122146506011e+30)
((0.4, 0.6, 0.001, 100), 66.79505588818999)
((0.4, 0.5, 1e-05, 100), 1.7208389083355142)
((0.4, 0.7, 1e-11, 100), 0.8971016942467085)
((0.4, 0.7, 1e-14, 100), 2.1290080064246776e+30)
((0.4, 0.7, 1e-15, 100), 5.9921577179265225e+25)
((0.4, 0.6, 1e-14, 100), 7.760033326957561e+28)
((0.4, 0.7, 1e-10, 100), 0.0024030366900546453)
((0.4, 0.7, 1e-09, 100), 0.006868121169156995)
((0.4, 0.7, 1e-08, 100), 0.011121383200376965)
((0.4, 0.7, 1e-06, 100), 0.30702290350618894)
((0.4, 0.7, 1e-05, 100), 2.0156472157572565)
((0.4, 0.7, 1e-07, 100), 0.006096394562909734)
((0.4, 0.7, 0.01, 100), 50.8608851955402)
((0.4, 0.7, 0.0001, 100), 11.971241037905271)
((0.4, 0.7, 0.1, 100), 88.35227465564864)
((0.4, 0.7, 0.001, 100), 66.86974244238542)
((0.4, 0.8, 1e-10, 100), 0.00151043570830861)
((0.4, 0.8, 1e-12, 100), 4.444163442893739)
((0.4, 0.8, 1e-11, 100), 0.1619583127893713)
((0.4, 0.8, 1e-13, 100), 46.72474043438405)
((0.4, 0.8, 1e-08, 100), 0.03305686403450254)
((0.4, 0.8, 1e-07, 100), 0.0045000468327405126)
((0.4, 0.8, 1e-15, 100), 6.4241805736615245e+31)
((0.4, 0.8, 1e-05, 100), 2.3908050668825904)
((0.4, 0.9, 1e-10, 100), 0.003347405420447278)
((0.5, 0.1, 1e-06, 100), 68.38639268099507)
((0.4, 0.9, 0.1, 100), 107.6314432971019)
((0.4, 0.8, 0.001, 100), 73.49377251309294)
((0.4, 0.9, 1e-11, 100), 0.0029383360270927245)
((0.4, 0.8, 0.0001, 100), 15.706139998247636)
((0.4, 0.9, 1e-08, 100), 0.08893671227857133)
((0.4, 0.8, 1e-06, 100), 0.307477698155028)
((0.5, 0.1, 1e-08, 100), 0.2330061456428576)
((0.5, 0.1, 1e-07, 100), 7.603856814362932)
((0.5, 0.1, 1e-13, 100), 6.057257031536777)
((0.4, 0.9, 1e-06, 100), 0.4736383667053422)
((0.4, 0.8, 0.01, 100), 45.93833088394295)
((0.5, 0.1, 1e-11, 100), 0.003810304401317588)
((0.4, 0.9, 0.001, 100), 90.54588796694864)
((0.5, 0.1, 1e-09, 100), 0.06500918285576625)
((0.4, 0.9, 1e-07, 100), 0.008489500355289198)
((0.4, 0.9, 1e-12, 100), 2.2335578839408656)
((0.4, 0.8, 0.1, 100), 107.41913850887127)
((0.5, 0.1, 1e-12, 100), 2.383733095513292)
((0.4, 0.8, 1e-09, 100), 0.01620763939412555)
((0.4, 0.9, 0.01, 100), 48.951432580839224)
((0.4, 0.9, 1e-13, 100), 4.327830585817237)
((0.5, 0.1, 1e-10, 100), 0.014464006386572328)
((0.5, 0.1, 1e-14, 100), 125.0670485785653)
((0.4, 0.9, 0.0001, 100), 37.00764779965792)
((0.4, 0.9, 1e-05, 100), 3.526655624380882)
((0.4, 0.8, 1e-14, 100), 8.243398742097083e+28)
((0.5, 0.1, 1e-15, 100), 1400.3271122256274)
((0.4, 0.9, 1e-09, 100), 0.04593951063780487)
((0.4, 0.9, 1e-15, 100), 1.5921672616604329e+28)
((0.4, 0.9, 1e-14, 100), 2.2738656808716137e+27)
((0.5, 0.1, 0.1, 100), 93.07954551026184)
((0.5, 0.1, 1e-05, 100), 52.9452979491292)
((0.5, 0.1, 0.01, 100), 99.50411925021814)
((0.5, 0.1, 0.001, 100), 105.19502139809958)
((0.5, 0.1, 0.0001, 100), 88.44671441267563)
((0.5, 0.2, 1e-15, 100), 2.1474727257428768e+29)
((0.5, 0.2, 1e-11, 100), 0.0018457009245971064)
((0.5, 0.2, 1e-12, 100), 1.0028132989420966)
((0.5, 0.2, 1e-13, 100), 22.103391010361793)
((0.5, 0.2, 1e-09, 100), 0.005774583487835793)
((0.5, 0.2, 1e-07, 100), 0.10859844039078355)
((0.5, 0.2, 1e-10, 100), 0.0006337672810440698)
((0.5, 0.3, 1e-09, 100), 0.000214192839755162)
((0.5, 0.2, 1e-06, 100), 0.9574386586752919)
((0.5, 0.3, 1e-07, 100), 0.12598526440791596)
((0.5, 0.2, 1e-08, 100), 0.06134696153851485)
((0.5, 0.3, 1e-10, 100), 0.0009279302641877124)
((0.5, 0.2, 0.01, 100), 70.00789675879241)
((0.5, 0.3, 1e-13, 100), 17.983704249890508)
((0.5, 0.2, 1e-14, 100), 338.35545600463547)
((0.5, 0.2, 0.001, 100), 88.82062081015907)
((0.5, 0.2, 0.1, 100), 96.53217764374493)
((0.5, 0.3, 0.1, 100), 105.4846753741895)
((0.5, 0.3, 0.01, 100), 49.94847545422802)
((0.5, 0.3, 1e-08, 100), 0.013067562606938653)
((0.5, 0.3, 0.001, 100), 71.08004565898129)
((0.5, 0.4, 1e-08, 100), 0.000854763518459594)
((0.5, 0.4, 1e-12, 100), 4.71519152202974)
((0.5, 0.3, 1e-11, 100), 0.1256335640959015)
((0.5, 0.4, 1e-13, 100), 17.58543867888429)
((0.5, 0.4, 0.1, 100), 64.26413568988171)
((0.5, 0.3, 1e-06, 100), 0.31479189602577007)
((0.5, 0.3, 0.0001, 100), 67.47045217248228)
((0.5, 0.2, 1e-05, 100), 45.29844992056473)
((0.5, 0.4, 0.0001, 100), 30.32301870554052)
((0.5, 0.4, 1e-05, 100), 1.4352880270168549)
((0.5, 0.3, 1e-05, 100), 4.9180848786698235)
((0.5, 0.3, 1e-15, 100), 1.2229134266115135e+27)
((0.5, 0.4, 0.01, 100), 47.362801665211194)
((0.5, 0.2, 0.0001, 100), 45.34135205295154)
((0.5, 0.4, 1e-11, 100), 0.01705059079529511)
((0.5, 0.4, 1e-09, 100), 0.00041351406949519326)
((0.5, 0.4, 1e-06, 100), 0.37211343977859146)
((0.5, 0.4, 1e-07, 100), 0.06125850835205674)
((0.5, 0.3, 1e-14, 100), 3.8561092755551974e+29)
((0.5, 0.3, 1e-12, 100), 3.398200602843776)
((0.5, 0.4, 1e-10, 100), 0.0010668466598421694)
((0.5, 0.4, 1e-15, 100), 4.406726171653518e+28)
((0.5, 0.4, 0.001, 100), 51.16839303404259)
((0.5, 0.4, 1e-14, 100), 1.1971176653860878e+26)
((0.5, 0.5, 1e-12, 100), 0.3764225535410574)
((0.5, 0.5, 1e-13, 100), 10.98455186077192)
((0.5, 0.5, 1e-11, 100), 0.12092898241362814)
((0.5, 0.5, 1e-10, 100), 0.0018153527119510176)
((0.5, 0.5, 1e-15, 100), 5.3799655152864315e+28)
((0.5, 0.5, 1e-14, 100), 1.8323478641178733e+26)
((0.5, 0.5, 1e-09, 100), 0.0015520043341147203)
((0.5, 0.5, 1e-06, 100), 0.3165615187699468)
((0.5, 0.5, 1e-05, 100), 1.2785965591446047)
((0.5, 0.5, 1e-07, 100), 0.0175723488443857)
((0.5, 0.5, 1e-08, 100), 0.0007083481100488637)
((0.5, 0.5, 0.001, 100), 62.04663967405824)
((0.5, 0.6, 1e-11, 100), 1.5217796086248265)
((0.5, 0.5, 0.0001, 100), 8.943014873423174)
((0.5, 0.6, 1e-13, 100), 38.53544945888894)
((0.5, 0.5, 0.01, 100), 48.503579375185474)
((0.5, 0.5, 0.1, 100), 60.263494862860696)
((0.5, 0.7, 1e-07, 100), 0.002241456978065022)
((0.5, 0.6, 0.001, 100), 61.7019178128839)
((0.5, 0.6, 0.0001, 100), 5.8796670229553865)
((0.5, 0.7, 1e-08, 100), 0.016215887581763504)
((0.5, 0.6, 1e-08, 100), 0.005122464716402534)
((0.5, 0.6, 0.1, 100), 58.53162487485462)
((0.5, 0.6, 1e-05, 100), 1.420336851476654)
((0.5, 0.6, 0.01, 100), 45.31435846037425)
((0.5, 0.7, 1e-06, 100), 0.15657117096528383)
((0.5, 0.7, 0.0001, 100), 5.79257209843591)
((0.5, 0.6, 1e-12, 100), 4.651009279366352)
((0.5, 0.6, 1e-07, 100), 0.0036624747398031773)
((0.5, 0.6, 1e-10, 100), 0.005655749067844866)
((0.5, 0.7, 1e-09, 100), 0.005501103296713181)
((0.5, 0.7, 1e-13, 100), 30.0264724813176)
((0.5, 0.7, 1e-11, 100), 0.03754662313101773)
((0.5, 0.7, 1e-12, 100), 5.0002885104945465)
((0.5, 0.7, 0.001, 100), 63.2101232035758)
((0.5, 0.8, 1e-12, 100), 10.166352674603834)
((0.5, 0.7, 0.1, 100), 59.22970373830089)
((0.5, 0.7, 0.01, 100), 41.06638441976108)
((0.5, 0.6, 1e-14, 100), 521.2984921003756)
((0.5, 0.7, 1e-10, 100), 0.011146835651766345)
((0.5, 0.7, 1e-14, 100), 5.597988303492572e+26)
((0.5, 0.7, 1e-15, 100), 3.4612967150247036e+30)
((0.5, 0.6, 1e-06, 100), 0.20924865556497513)
((0.5, 0.7, 1e-05, 100), 1.4737378857910726)
((0.5, 0.8, 1e-13, 100), 31.885116045378016)
((0.5, 0.8, 1e-14, 100), 1.6974715835106702e+28)
((0.5, 0.8, 1e-11, 100), 0.3034509945100498)
((0.5, 0.6, 1e-09, 100), 0.0029060705480936483)
((0.5, 0.6, 1e-15, 100), 2.013746986445539e+30)
((0.5, 0.8, 1e-15, 100), 3.966447019926551e+27)
((0.5, 0.8, 1e-06, 100), 0.15543663788417683)
((0.5, 0.8, 1e-07, 100), 0.010738265879106718)
((0.5, 0.8, 1e-09, 100), 0.011140032040198717)
((0.5, 0.8, 1e-05, 100), 1.6860264158480458)
((0.5, 0.8, 1e-10, 100), 0.003809561666466713)
((0.5, 0.8, 1e-08, 100), 0.043067264851495826)
((0.5, 0.8, 0.0001, 100), 7.665322928551732)
((0.5, 0.9, 1e-09, 100), 0.029305425370072156)
((0.5, 0.8, 0.001, 100), 68.001709880493)
((0.5, 0.9, 1e-13, 100), 35.71809173884293)
((0.5, 0.8, 0.01, 100), 41.1982531763722)
((0.5, 0.8, 0.1, 100), 65.9755666990584)
((0.5, 0.9, 1e-08, 100), 0.11224842156976196)
((0.5, 0.9, 1e-11, 100), 0.03401766820256246)
((0.5, 0.9, 1e-07, 100), 0.01608177285556431)
((0.5, 0.9, 1e-14, 100), 2.7666293002472574e+27)
((0.5, 0.9, 1e-15, 100), 8.842933562583605e+27)
((0.5, 0.9, 0.0001, 100), 17.47317043005979)
((0.5, 0.9, 1e-12, 100), 1.757419171534882)
((0.5, 0.9, 0.001, 100), 83.77401424292997)
((0.6, 0.1, 1e-11, 100), 0.006320078268756296)
((0.5, 0.9, 0.1, 100), 108.47987666847467)
((0.5, 0.9, 0.01, 100), 54.4221513410144)
((0.6, 0.1, 1e-13, 100), 15.161881802395307)
((0.6, 0.2, 1e-13, 100), 5.810836563992334)
((0.6, 0.1, 1e-12, 100), 1.6779545590725233)
((0.5, 0.9, 1e-05, 100), 2.5671713739840207)
((0.6, 0.1, 0.01, 100), 111.04907021319383)
((0.6, 0.1, 1e-10, 100), 0.006309682596188676)
((0.6, 0.1, 0.001, 100), 106.93717045034347)
((0.6, 0.1, 0.1, 100), 91.35529023872738)
((0.6, 0.1, 1e-06, 100), 31.15463860767465)
((0.6, 0.1, 0.0001, 100), 86.10432312868615)
((0.5, 0.9, 1e-06, 100), 0.2556746671726038)
((0.6, 0.1, 1e-08, 100), 0.19011045149597727)
((0.6, 0.1, 1e-07, 100), 0.35353954964506207)
((0.6, 0.1, 1e-05, 100), 43.49521724409242)
((0.5, 0.9, 1e-10, 100), 0.004296181532024901)
((0.6, 0.2, 1e-07, 100), 0.14524795232485807)
((0.6, 0.1, 1e-09, 100), 0.048878827078916914)
((0.6, 0.2, 1e-06, 100), 0.30110676282654103)
((0.6, 0.2, 1e-15, 100), 2182.9929591059827)
((0.6, 0.2, 1e-09, 100), 0.001811682380577395)
((0.6, 0.2, 1e-12, 100), 0.04650369804463986)
((0.6, 0.2, 1e-11, 100), 0.0861279265685481)
((0.6, 0.2, 1e-14, 100), 1.8504707656053902e+26)
((0.6, 0.1, 1e-15, 100), 112.3435993274538)
((0.6, 0.2, 1e-10, 100), 0.0006998765645202002)
((0.6, 0.2, 1e-08, 100), 0.03939927303258519)
((0.6, 0.1, 1e-14, 100), 1.3759875518292324e+26)
((0.6, 0.2, 1e-05, 100), 25.73416519352542)
((0.6, 0.2, 0.0001, 100), 46.6482539302392)
((0.6, 0.2, 0.01, 100), 80.36069808779995)
((0.6, 0.2, 0.1, 100), 106.32164821672482)
((0.6, 0.2, 0.001, 100), 80.05673937187417)
((0.6, 0.3, 1e-15, 100), 2.475748144194189e+26)
((0.6, 0.3, 1e-05, 100), 1.386609970408919)
((0.6, 0.3, 1e-10, 100), 0.00017585795911511293)
((0.6, 0.3, 0.0001, 100), 69.85934450371923)
((0.6, 0.3, 0.001, 100), 50.04530689031602)
((0.6, 0.3, 0.1, 100), 64.48096183080226)
((0.6, 0.3, 1e-13, 100), 24.326524495121042)
((0.6, 0.4, 1e-11, 100), 0.5745487621783963)
((0.6, 0.3, 1e-06, 100), 0.3199105281818068)
((0.6, 0.3, 1e-07, 100), 0.08842880953720367)
((0.6, 0.3, 1e-12, 100), 21.86082038091236)
((0.6, 0.3, 1e-09, 100), 0.00025827754623957604)
((0.6, 0.3, 1e-14, 100), 1.1352637347940314e+27)
((0.6, 0.4, 1e-13, 100), 31.44008463388214)
((0.6, 0.4, 1e-10, 100), 0.007732489258578287)
((0.6, 0.3, 1e-08, 100), 0.0034951266552706414)
((0.6, 0.3, 1e-11, 100), 0.08836378049134534)
((0.6, 0.4, 1e-09, 100), 0.00071349389122507)
((0.6, 0.4, 1e-08, 100), 0.00016465240625711602)
((0.6, 0.4, 1e-12, 100), 3.2015528331927308)
((0.6, 0.5, 0.0001, 100), 4.80023380187614)
((0.6, 0.4, 1e-07, 100), 0.0227013186822854)
((0.6, 0.3, 0.01, 100), 53.26410692624442)
((0.6, 0.5, 1e-05, 100), 1.079768605408148)
((0.6, 0.4, 0.0001, 100), 9.750059993050314)
((0.6, 0.4, 0.01, 100), 43.240252121747226)
((0.6, 0.4, 1e-05, 100), 1.0022754294153025)
((0.6, 0.5, 1e-12, 100), 4.660045902913149)
((0.6, 0.4, 1e-14, 100), 2.4735434975515114e+31)
((0.6, 0.4, 1e-15, 100), 1.3208253751357655e+30)
((0.6, 0.5, 1e-10, 100), 0.01116088987804911)
((0.6, 0.4, 1e-06, 100), 0.2981793302478607)
((0.6, 0.5, 0.001, 100), 54.74511408655046)
((0.6, 0.4, 0.1, 100), 56.72783875397741)
((0.6, 0.4, 0.001, 100), 56.20471460340025)
((0.6, 0.5, 0.1, 100), 53.950663768376145)
((0.6, 0.5, 1e-09, 100), 0.0015608446584271403)
((0.6, 0.5, 1e-13, 100), 54.45568105288136)
((0.6, 0.5, 1e-11, 100), 0.5168017220025813)
((0.6, 0.5, 1e-07, 100), 0.0033426339488228504)
((0.6, 0.5, 1e-14, 100), 9.750400216467932e+28)
((0.6, 0.5, 1e-06, 100), 0.17547948798851495)
((0.6, 0.5, 1e-08, 100), 0.0025097240160338015)
((0.6, 0.5, 1e-15, 100), 7.136034928362475e+30)
((0.6, 0.5, 0.01, 100), 44.62807288200064)
((0.6, 0.6, 1e-15, 100), 2.9209466075860606e+32)
((0.6, 0.6, 1e-13, 100), 61.267496915592204)
((0.6, 0.6, 1e-10, 100), 0.02464362302639915)
((0.6, 0.6, 1e-14, 100), 3.530460945149952e+32)
((0.6, 0.6, 1e-12, 100), 0.9663062350203135)
((0.6, 0.6, 1e-11, 100), 1.1874504286732672)
((0.6, 0.6, 1e-05, 100), 1.0415960638629573)
((0.6, 0.6, 1e-07, 100), 0.0010728945294334418)
((0.6, 0.6, 0.01, 100), 63.41293309148898)
((0.6, 0.6, 0.1, 100), 53.4088565301665)
((0.6, 0.7, 1e-13, 100), 75.70592576593687)
((0.6, 0.7, 1e-09, 100), 0.0037674275021479992)
((0.6, 0.7, 1e-12, 100), 4.732647098093441)
((0.6, 0.6, 0.0001, 100), 3.98462345105433)
((0.6, 0.6, 0.001, 100), 55.10592525703454)
((0.6, 0.7, 1e-06, 100), 0.07238153022023222)
((0.6, 0.7, 0.01, 100), 64.02019947984799)
((0.6, 0.7, 1e-10, 100), 0.00041619860246175166)
((0.6, 0.6, 1e-09, 100), 0.0024325123394732537)
((0.6, 0.7, 1e-15, 100), 3.1296813931108127e+30)
((0.6, 0.7, 1e-07, 100), 0.00953846348174578)
((0.6, 0.6, 1e-06, 100), 0.10047619704243524)
((0.6, 0.7, 1e-05, 100), 1.0086342788752254)
((0.6, 0.7, 0.001, 100), 56.947099419650094)
((0.6, 0.7, 1e-08, 100), 0.021983748692352815)
((0.6, 0.7, 0.0001, 100), 4.280733110653454)
((0.6, 0.8, 0.01, 100), 52.882697647277205)
((0.6, 0.7, 0.1, 100), 52.85853701285479)
((0.6, 0.8, 0.0001, 100), 5.329290471830357)
((0.6, 0.8, 0.1, 100), 53.78265073422581)
((0.6, 0.6, 1e-08, 100), 0.009067804464754097)
((0.6, 0.8, 1e-13, 100), 40.291550799947245)
((0.6, 0.8, 1e-06, 100), 0.068972187312709)
((0.6, 0.7, 1e-11, 100), 0.32925201096380763)
((0.6, 0.9, 1e-11, 100), 0.8570273468932968)
((0.6, 0.9, 1e-12, 100), 20.749414718596014)
((0.6, 0.8, 1e-10, 100), 0.00480491918380448)
((0.6, 0.8, 1e-11, 100), 7.028645780548331)
((0.6, 0.8, 1e-07, 100), 0.026925975839840997)
((0.6, 0.8, 1e-05, 100), 1.160238472297886)
((0.6, 0.8, 0.001, 100), 61.426943252158196)
((0.6, 0.7, 1e-14, 100), 1.850597299148e+29)
((0.6, 0.8, 1e-08, 100), 0.050633858245480334)
((0.6, 0.9, 1e-13, 100), 30.21853784646019)
((0.6, 0.9, 1e-15, 100), 9.78851591117446e+29)
((0.6, 0.8, 1e-09, 100), 0.006747754497898053)
((0.6, 0.8, 1e-12, 100), 9.05310499378294)
((0.6, 0.8, 1e-14, 100), 1.020893318235783e+28)
((0.6, 0.9, 1e-14, 100), 7.050052761158314e+27)
((0.6, 0.8, 1e-15, 100), 5.4487315673893684e+29)
((0.6, 0.9, 1e-10, 100), 0.0043458607749035025)
((0.6, 0.9, 1e-07, 100), 0.037150653566796366)
((0.6, 0.9, 1e-08, 100), 0.12404967268963088)
((0.6, 0.9, 1e-09, 100), 0.01725010086592982)
((0.6, 0.9, 1e-05, 100), 1.870226072310603)
((0.6, 0.9, 1e-06, 100), 0.13441295392670413)
((0.6, 0.9, 0.1, 100), 72.96649550549384)
((0.6, 0.9, 0.01, 100), 57.93578183635814)
((0.6, 0.9, 0.0001, 100), 10.185176922537718)
((0.6, 0.9, 0.001, 100), 75.69967590459696)
((0.7, 0.1, 1e-06, 100), 18.573113965983083)
((0.7, 0.1, 0.0001, 100), 77.36217090195721)
((0.7, 0.1, 1e-12, 100), 0.8251832625477286)
((0.7, 0.1, 1e-11, 100), 0.0039059745858099236)
((0.7, 0.1, 1e-08, 100), 0.09871452966173917)
((0.7, 0.1, 1e-05, 100), 45.81751633404983)
((0.7, 0.1, 1e-10, 100), 0.0052009036433662715)
((0.7, 0.1, 0.1, 100), 93.28175706174457)
((0.7, 0.1, 1e-09, 100), 0.03032785397579275)
((0.7, 0.1, 1e-15, 100), 2.7183860774920498e+28)
((0.7, 0.1, 1e-14, 100), 84.05427280545808)
((0.7, 0.1, 0.001, 100), 97.86846677268657)
((0.7, 0.2, 1e-11, 100), 0.20361105544764999)
((0.7, 0.2, 1e-12, 100), 1.6124323223457593)
((0.7, 0.2, 1e-05, 100), 2.128365997300796)
((0.7, 0.2, 1e-08, 100), 0.01450000365629756)
((0.7, 0.3, 1e-06, 100), 0.32260067621320804)
((0.7, 0.2, 0.0001, 100), 68.18626448437813)
((0.7, 0.1, 0.01, 100), 105.49044916278342)
((0.7, 0.2, 1e-06, 100), 0.264565796320567)
((0.7, 0.2, 1e-07, 100), 0.14408730428407435)
((0.7, 0.2, 1e-09, 100), 0.00048773619221460654)
((0.7, 0.3, 1e-10, 100), 0.008131443930693252)
((0.7, 0.3, 1e-07, 100), 0.036860584392779096)
((0.7, 0.3, 1e-11, 100), 0.37927094192874683)
((0.7, 0.2, 1e-10, 100), 0.00021892696678678307)
((0.7, 0.3, 1e-09, 100), 0.0003825845614820236)
((0.7, 0.1, 1e-07, 100), 0.3463268856775003)
((0.7, 0.2, 0.001, 100), 58.059718101147304)
((0.7, 0.3, 1e-08, 100), 0.0004934537802944113)
((0.7, 0.2, 0.01, 100), 79.60098062650016)
((0.7, 0.2, 0.1, 100), 87.89491098242219)
((0.7, 0.1, 1e-13, 100), 11.966773891931007)
((0.7, 0.2, 1e-13, 100), 33.971398348785605)
((0.7, 0.2, 1e-14, 100), 3.165721520818328e+26)
((0.7, 0.2, 1e-15, 100), 3.496028107149456e+29)
((0.7, 0.3, 1e-12, 100), 7.59203798328673)
((0.7, 0.3, 1e-13, 100), 26.572092271673778)
((0.7, 0.3, 1e-15, 100), 5.487004334033512e+31)
((0.7, 0.3, 1e-14, 100), 2.9809338455898378e+28)
((0.7, 0.3, 1e-05, 100), 0.8006925324618834)
((0.7, 0.3, 0.0001, 100), 12.663579225398172)
((0.7, 0.3, 0.001, 100), 50.3904079941471)
((0.7, 0.3, 0.1, 100), 56.46638264434935)
((0.7, 0.3, 0.01, 100), 55.29870173864943)
((0.7, 0.4, 1e-15, 100), 6.118358275016498e+32)
((0.7, 0.4, 1e-08, 100), 0.0014889849726645778)
((0.7, 0.4, 0.1, 100), 50.41951723505578)
((0.7, 0.4, 1e-06, 100), 0.17126971906380545)
((0.7, 0.4, 0.01, 100), 73.15339340685608)
((0.7, 0.4, 1e-10, 100), 0.011621426159961815)
((0.7, 0.4, 0.0001, 100), 4.292104344256763)
((0.7, 0.4, 1e-09, 100), 0.0012164871654619896)
((0.7, 0.4, 1e-11, 100), 0.7273652544090595)
((0.7, 0.4, 1e-12, 100), 22.890316992051265)
((0.7, 0.4, 1e-07, 100), 0.0038932886358177257)
((0.7, 0.4, 0.001, 100), 47.17299219252895)
((0.7, 0.4, 1e-05, 100), 0.9002705141856747)
((0.7, 0.5, 1e-12, 100), 22.74266150698419)
((0.7, 0.5, 0.01, 100), 55.26666389354319)
((0.7, 0.4, 1e-14, 100), 3.696504136777698e+30)
((0.7, 0.5, 1e-06, 100), 0.07299293576522467)
((0.7, 0.6, 1e-13, 100), 84.91522989260031)
((0.7, 0.5, 0.0001, 100), 3.2773542470010746)
((0.7, 0.5, 1e-09, 100), 0.0012549327490604383)
((0.7, 0.5, 0.001, 100), 47.53390669233231)
((0.7, 0.6, 0.0001, 100), 3.350672448739109)
((0.7, 0.4, 1e-13, 100), 55.23084106331969)
((0.7, 0.5, 1e-05, 100), 0.8160903858172104)
((0.7, 0.5, 1e-15, 100), 8.246128840385131e+32)
((0.7, 0.6, 1e-10, 100), 0.0033122920830830813)
((0.7, 0.6, 1e-11, 100), 0.0731138598535787)
((0.7, 0.5, 1e-11, 100), 1.4140169639306448)
((0.7, 0.5, 1e-10, 100), 0.007429656900747411)
((0.7, 0.5, 1e-08, 100), 0.006379016061571079)
((0.7, 0.5, 0.1, 100), 51.013405368157976)
((0.7, 0.6, 1e-07, 100), 0.009515520786751866)
((0.7, 0.6, 1e-09, 100), 0.0017485422201721926)
((0.7, 0.6, 0.01, 100), 56.99435447828773)
((0.7, 0.6, 1e-12, 100), 16.583884106581802)
((0.7, 0.6, 0.001, 100), 48.732212421136715)
((0.7, 0.6, 1e-05, 100), 0.6759455458554575)
((0.7, 0.6, 1e-06, 100), 0.037358047865452895)
((0.7, 0.5, 1e-13, 100), 55.61683758762474)
((0.7, 0.5, 1e-14, 100), 1.2082378805727179e+30)
((0.7, 0.5, 1e-07, 100), 0.0006997149995226652)
((0.7, 0.6, 1e-08, 100), 0.01339386185404409)
((0.7, 0.6, 0.1, 100), 51.343146265604915)
((0.7, 0.6, 1e-14, 100), 7.743250195555999e+29)
((0.7, 0.6, 1e-15, 100), 1.1382596691767365e+31)
((0.7, 0.7, 1e-13, 100), 55.6237252362712)
((0.7, 0.7, 1e-15, 100), 1.4918195804807758e+31)
((0.7, 0.7, 1e-14, 100), 1.367363682775553e+30)
((0.7, 0.7, 1e-11, 100), 0.6594238935093387)
((0.7, 0.7, 1e-10, 100), 0.007151181577852673)
((0.7, 0.7, 1e-12, 100), 10.315681804245799)
((0.7, 0.7, 1e-08, 100), 0.024700527571857984)
((0.7, 0.7, 0.01, 100), 66.80552752804363)
((0.7, 0.7, 0.0001, 100), 3.643042346402839)
((0.7, 0.7, 1e-09, 100), 0.0018148714621520404)
((0.7, 0.7, 0.1, 100), 49.9586961214168)
((0.7, 0.8, 0.1, 100), 47.39598489228297)
((0.7, 0.7, 0.001, 100), 50.79056119779888)
((0.7, 0.7, 1e-06, 100), 0.022647196216895576)
((0.7, 0.7, 1e-07, 100), 0.030323380397403947)
((0.7, 0.7, 1e-05, 100), 0.6510947963063621)
((0.7, 0.8, 1e-10, 100), 0.0021675883092491187)
((0.7, 0.8, 1e-13, 100), 49.88930915075251)
((0.7, 0.8, 1e-15, 100), 9.703882430287801e+29)
((0.7, 0.9, 1e-13, 100), 26.924081201148667)
((0.7, 0.8, 0.0001, 100), 4.436069148136803)
((0.7, 0.9, 0.01, 100), 57.58007161373279)
((0.7, 0.8, 1e-05, 100), 0.7971611506557206)
((0.7, 0.9, 0.1, 100), 71.47452010507213)
((0.7, 0.8, 1e-07, 100), 0.060368943357843236)
((0.7, 0.8, 1e-09, 100), 0.0037584936285346704)
((0.8, 0.1, 1e-12, 100), 4.0890789065269075)
((0.7, 0.8, 0.001, 100), 54.892797094431664)
((0.8, 0.1, 1e-11, 100), 0.10014929827809678)
((0.7, 0.8, 0.01, 100), 74.92154398947122)
((0.7, 0.8, 1e-12, 100), 13.582144654315522)
((0.7, 0.8, 1e-06, 100), 0.022480103412226976)
((0.8, 0.1, 1e-13, 100), 684.422081952677)
((0.7, 0.8, 1e-11, 100), 0.059484711473214054)
((0.7, 0.8, 1e-08, 100), 0.04952929738606328)
((0.7, 0.9, 1e-11, 100), 0.6018471948384374)
((0.7, 0.9, 1e-05, 100), 1.3735732578152002)
((0.7, 0.9, 1e-06, 100), 0.0664645310214398)
((0.7, 0.9, 1e-09, 100), 0.009102288780486585)
((0.7, 0.9, 1e-12, 100), 21.338037322604585)
((0.7, 0.8, 1e-14, 100), 5.685220170293427e+27)
((0.7, 0.9, 1e-07, 100), 0.07540035878299636)
((0.7, 0.9, 0.001, 100), 66.5865614992008)
((0.7, 0.9, 1e-08, 100), 0.12248844213208746)
((0.7, 0.9, 1e-14, 100), 1.621392598751714e+27)
((0.7, 0.9, 0.0001, 100), 7.252806166335339)
((0.7, 0.9, 1e-10, 100), 0.0012346362386141455)
((0.7, 0.9, 1e-15, 100), 2.594689468532859e+28)
((0.8, 0.1, 1e-15, 100), 6.732894309003068e+27)
((0.8, 0.1, 1e-14, 100), 6.544866929396426e+24)
((0.8, 0.1, 1e-09, 100), 0.009478030801407696)
((0.8, 0.1, 1e-10, 100), 0.0021910234281143494)
((0.8, 0.1, 1e-08, 100), 0.0767305095982623)
((0.8, 0.1, 1e-07, 100), 0.09709987862960742)
((0.8, 0.1, 1e-05, 100), 38.220944009698755)
((0.8, 0.1, 1e-06, 100), 0.9139828567747381)
((0.8, 0.1, 0.0001, 100), 48.700476153042)
((0.8, 0.1, 0.001, 100), 78.26167194530822)
((0.8, 0.2, 1e-09, 100), 0.00011285163421502469)
((0.8, 0.2, 1e-12, 100), 8.382616692183783)
((0.8, 0.1, 0.01, 100), 94.85730447094379)
((0.8, 0.2, 1e-13, 100), 2.5422755868125816e+22)
((0.8, 0.1, 0.1, 100), 107.61707251742982)
((0.8, 0.2, 1e-06, 100), 0.344498708701467)
((0.8, 0.2, 0.0001, 100), 13.976255654248536)
((0.8, 0.2, 0.1, 100), 78.97763274159504)
((0.8, 0.2, 1e-08, 100), 0.003034816072061254)
((0.8, 0.2, 1e-05, 100), 0.653299207387418)
((0.8, 0.2, 0.01, 100), 74.26885553723014)
((0.8, 0.2, 1e-07, 100), 0.06360793457481216)
((0.8, 0.3, 0.1, 100), 52.41824599143514)
((0.8, 0.2, 1e-11, 100), 0.3491876098502132)
((0.8, 0.4, 1e-10, 100), 0.0007229516401651985)
((0.8, 0.3, 1e-12, 100), 12.741935840871)
((0.8, 0.3, 1e-13, 100), 1.4366533659057274e+25)
((0.8, 0.2, 0.001, 100), 56.46170437069068)
((0.8, 0.3, 1e-08, 100), 0.000745329719310639)
((0.8, 0.4, 1e-09, 100), 0.0010164958781282466)
((0.8, 0.2, 1e-10, 100), 0.00022609615110450555)
((0.8, 0.2, 1e-15, 100), 2.8928161275795944e+29)
((0.8, 0.4, 1e-07, 100), 0.0015512251271214703)
((0.8, 0.4, 1e-12, 100), 26.651262112741676)
((0.8, 0.4, 1e-06, 100), 0.048530834189985605)
((0.8, 0.4, 1e-08, 100), 0.004148948759887209)
((0.8, 0.3, 1e-10, 100), 0.010429540944823047)
((0.8, 0.3, 0.01, 100), 56.46645771763709)
((0.8, 0.3, 1e-06, 100), 0.17019103271024916)
((0.8, 0.3, 1e-07, 100), 0.004862594014506599)
((0.8, 0.2, 1e-14, 100), 7.595994001107668e+28)
((0.8, 0.3, 0.0001, 100), 3.195253838735129)
((0.8, 0.4, 1e-13, 100), 1.6077837723980986e+27)
((0.8, 0.3, 1e-11, 100), 0.0035893838161324887)
((0.8, 0.3, 1e-09, 100), 0.00098584564141614)
((0.8, 0.3, 1e-05, 100), 0.8354518928454543)
((0.8, 0.3, 0.001, 100), 48.549861728727656)
((0.8, 0.4, 1e-15, 100), 1.8475892682261573e+31)
((0.8, 0.4, 1e-11, 100), 1.7822046986265934)
((0.8, 0.4, 1e-14, 100), 2.037194016121948e+30)
((0.8, 0.3, 1e-15, 100), 8.067801738074708e+29)
((0.8, 0.3, 1e-14, 100), 1.1781404953908227e+31)
((0.8, 0.4, 0.0001, 100), 2.6186208077844824)
((0.8, 0.4, 0.001, 100), 47.376872980519785)
((0.8, 0.4, 1e-05, 100), 0.6720422870324599)
((0.8, 0.4, 0.1, 100), 43.67629707305314)
((0.8, 0.4, 0.01, 100), 55.79281966980855)
((0.8, 0.5, 1e-15, 100), 1.1757892314864081e+33)
((0.8, 0.5, 1e-12, 100), 5.994480806643909)
((0.8, 0.5, 1e-09, 100), 0.0009484505497691859)
((0.8, 0.5, 1e-11, 100), 0.30027084019231964)
((0.8, 0.5, 1e-08, 100), 0.007066857735149546)
((0.8, 0.5, 1e-07, 100), 0.014333569732305955)
((0.8, 0.5, 0.0001, 100), 2.6781654589954234)
((0.8, 0.5, 0.001, 100), 23.656781985906438)
((0.8, 0.6, 1e-06, 100), 0.0036672429621818214)
((0.8, 0.5, 1e-10, 100), 0.03951197390169388)
((0.8, 0.6, 0.1, 100), 42.32294160356822)
((0.8, 0.5, 1e-06, 100), 0.01328293106504329)
((0.8, 0.6, 0.001, 100), 18.866559917908276)
((0.8, 0.5, 1e-05, 100), 0.4607177816622019)
((0.8, 0.6, 1e-10, 100), 0.04238393325070425)
((0.8, 0.6, 1e-07, 100), 0.03795754574273063)
((0.8, 0.7, 0.01, 100), 70.33282608614145)
((0.8, 0.7, 0.001, 100), 22.28222084475461)
((0.8, 0.7, 1e-12, 100), 19.348333509772623)
((0.8, 0.7, 1e-09, 100), 0.0016385949567954239)
((0.8, 0.6, 0.01, 100), 65.84792491082128)
((0.8, 0.6, 1e-08, 100), 0.009644374823008148)
((0.8, 0.6, 1e-13, 100), 32.30168753734563)
((0.8, 0.7, 1e-13, 100), 78.95948148295142)
((0.8, 0.6, 1e-05, 100), 0.38495665001620827)
((0.8, 0.6, 1e-12, 100), 7.67083311295419)
((0.8, 0.5, 0.01, 100), 65.05986193676839)
((0.8, 0.7, 1e-11, 100), 8.686862161621107)
((0.8, 0.5, 0.1, 100), 43.04746750745233)
((0.8, 0.7, 1e-07, 100), 0.07323462587673701)
((0.8, 0.7, 1e-06, 100), 0.005197318345134195)
((0.8, 0.6, 1e-11, 100), 0.8636687432100137)
((0.8, 0.7, 0.0001, 100), 2.977988436300871)
((0.8, 0.7, 1e-05, 100), 0.41106653577060503)
((0.8, 0.7, 1e-10, 100), 0.11314050264997041)
((0.8, 0.7, 1e-08, 100), 0.014862394302713263)
((0.8, 0.7, 0.1, 100), 42.96775424367506)
((0.8, 0.6, 0.0001, 100), 2.7035305241593504)
((0.8, 0.7, 1e-14, 100), 2.1018131288795032e+29)
((0.8, 0.5, 1e-13, 100), 96.46076327350634)
((0.8, 0.6, 1e-15, 100), 8.203339820354492e+32)
((0.8, 0.6, 1e-09, 100), 0.0014208262732403065)
((0.8, 0.6, 1e-14, 100), 2.0826556911499214e+30)
((0.8, 0.7, 1e-15, 100), 1.429307839596407e+30)
((0.8, 0.5, 1e-14, 100), 5.233633365955848e+30)
((0.8, 0.8, 1e-15, 100), 4.726967663917119e+33)
((0.8, 0.8, 1e-14, 100), 8.822349364168751e+32)
((0.8, 0.8, 1e-11, 100), 21.0946937902658)
((0.8, 0.8, 1e-12, 100), 28.530950829109983)
((0.8, 0.8, 1e-10, 100), 0.003674852222889675)
((0.8, 0.8, 1e-13, 100), 58.02311639083682)
((0.8, 0.8, 1e-09, 100), 0.0023608494916679524)
((0.8, 0.8, 1e-08, 100), 0.031919553661552635)
((0.8, 0.8, 1e-07, 100), 0.12047661489427271)
((0.8, 0.8, 0.01, 100), 87.11437286410276)
((0.8, 0.8, 0.0001, 100), 3.7301481474774727)
((0.8, 0.8, 0.001, 100), 40.53836580205062)
((0.8, 0.8, 1e-06, 100), 0.006905054436345916)
((0.8, 0.9, 1e-13, 100), 28.256527485211077)
((0.8, 0.9, 0.0001, 100), 5.896867863246386)
((0.8, 0.9, 1e-12, 100), 7.524111559701338)
((0.8, 0.9, 1e-15, 100), 1.2407440134031568e+31)
((0.8, 0.9, 0.1, 100), 65.15609237379404)
((0.8, 0.8, 0.1, 100), 46.118113695258344)
((0.8, 0.8, 1e-05, 100), 0.5451557187060143)
((0.8, 0.9, 1e-08, 100), 0.10496549517823354)
((0.8, 0.9, 0.001, 100), 59.76721637400125)
((0.9, 0.1, 1e-06, 100), 0.30447594757962115)
((0.9, 0.1, 0.001, 100), 56.11189482354477)
((0.9, 0.1, 1e-12, 100), 15.269436644875048)
((0.9, 0.1, 1e-09, 100), 0.009047686749431105)
((0.9, 0.1, 0.0001, 100), 69.14222171135307)
((0.9, 0.1, 1e-05, 100), 9.636508006323698)
((0.9, 0.1, 1e-11, 100), 1.7124391336747689)
((0.9, 0.1, 1e-07, 100), 0.06990366535077396)
((0.8, 0.9, 1e-10, 100), 0.0063098763911983964)
((0.8, 0.9, 1e-07, 100), 0.13851685734802008)
((0.9, 0.1, 1e-08, 100), 0.02094724133069686)
((0.8, 0.9, 0.01, 100), 78.68469957381845)
((0.8, 0.9, 1e-05, 100), 1.018340592342512)
((0.9, 0.1, 0.01, 100), 67.73388497252162)
((0.8, 0.9, 1e-06, 100), 0.028950730391782045)
((0.9, 0.2, 1e-12, 100), 15.331748476503174)
((0.9, 0.1, 0.1, 100), 90.9955023699045)
((0.8, 0.9, 1e-09, 100), 0.0045868641281977506)
((0.8, 0.9, 1e-11, 100), 4.041787064893583)
((0.9, 0.1, 1e-10, 100), 0.025527326377091538)
((0.9, 0.1, 1e-14, 100), 4589.383347582874)
((0.9, 0.1, 1e-13, 100), 1.4817194921550836e+25)
((0.8, 0.9, 1e-14, 100), 2.9845066051439618e+28)
((0.9, 0.2, 1e-11, 100), 0.3762046148954038)
((0.9, 0.2, 1e-13, 100), 2.621236116813996e+30)
((0.9, 0.1, 1e-15, 100), 4.583947302693887e+26)
((0.9, 0.2, 1e-15, 100), 4.980582950671421e+29)
((0.9, 0.2, 1e-14, 100), 1.4645954800903213e+29)
((0.9, 0.2, 1e-09, 100), 0.0022968084124659976)
((0.9, 0.2, 1e-08, 100), 0.0029507832617832216)
((0.9, 0.2, 1e-05, 100), 0.7151136075889302)
((0.9, 0.2, 1e-10, 100), 0.010000071320078793)
((0.9, 0.2, 1e-07, 100), 0.021417711413105178)
((0.9, 0.2, 1e-06, 100), 0.14100068480888223)
((0.9, 0.2, 0.0001, 100), 2.6431152259227186)
((0.9, 0.2, 0.001, 100), 50.46638426509654)
((0.9, 0.2, 0.01, 100), 48.39068144968436)
((0.9, 0.2, 0.1, 100), 68.92205629662475)
((0.9, 0.3, 1e-09, 100), 0.0016160496322031545)
((0.9, 0.3, 1e-08, 100), 0.002149116955509949)
((0.9, 0.3, 0.0001, 100), 1.989165400098207)
((0.9, 0.3, 1e-07, 100), 0.0019730039939278494)
((0.9, 0.3, 1e-06, 100), 0.03151449485143531)
((0.9, 0.4, 0.01, 100), 51.06674460537796)
((0.9, 0.3, 1e-11, 100), 8.468556973292815)
((0.9, 0.3, 1e-10, 100), 0.005175819409859221)
((0.9, 0.3, 1e-13, 100), 1.377216021812002e+27)
((0.9, 0.3, 0.01, 100), 52.82673525487542)
((0.9, 0.3, 1e-15, 100), 1.2240743002831355e+34)
((0.9, 0.4, 0.0001, 100), 1.8541525660978542)
((0.9, 0.3, 1e-12, 100), 16.19031761562647)
((0.9, 0.4, 1e-06, 100), 0.004885842456458298)
((0.9, 0.3, 0.001, 100), 14.62907284374139)
((0.9, 0.4, 1e-13, 100), 1.5161873179143037e+28)
((0.9, 0.5, 1e-12, 100), 29.60653054072341)
((0.9, 0.4, 1e-12, 100), 39.107414843340365)
((0.9, 0.3, 1e-05, 100), 0.3961985860835624)
((0.9, 0.4, 1e-11, 100), 0.9545327990129291)
((0.9, 0.4, 1e-08, 100), 0.002377871666556957)
((0.9, 0.4, 0.1, 100), 73.50826885521599)
((0.9, 0.3, 0.1, 100), 58.30524510452401)
((0.9, 0.5, 1e-07, 100), 0.030049145502406432)
((0.9, 0.5, 1e-10, 100), 0.3274943496748827)
((0.9, 0.5, 1e-11, 100), 1.4068884665994843)
((0.9, 0.5, 1e-06, 100), 0.013082080903072064)
((0.9, 0.4, 0.001, 100), 11.13528713097561)
((0.9, 0.4, 1e-07, 100), 0.011967823596628475)
((0.9, 0.5, 1e-09, 100), 0.0006639622138816943)
((0.9, 0.4, 1e-05, 100), 0.19456771813748644)
((0.9, 0.4, 1e-09, 100), 0.0018985866710867464)
((0.9, 0.5, 1e-08, 100), 0.003657552221449687)
((0.9, 0.4, 1e-10, 100), 0.0027968647494924824)
((0.9, 0.5, 1e-15, 100), 1.7318205566498975e+31)
((0.9, 0.5, 1e-14, 100), 3.3355612233082775e+33)
((0.9, 0.3, 1e-14, 100), 6.779016853092742e+29)
((0.9, 0.4, 1e-15, 100), 1.4819442549932403e+31)
((0.9, 0.5, 1e-13, 100), 9.376255066649197e+30)
((0.9, 0.4, 1e-14, 100), 3.566965683433659e+31)
((0.9, 0.5, 0.001, 100), 10.600324597448452)
((0.9, 0.5, 1e-05, 100), 0.12750833612556364)
((0.9, 0.5, 0.0001, 100), 1.7453088149664275)
((0.9, 0.5, 0.01, 100), 52.76769665887563)
((0.9, 0.5, 0.1, 100), 74.03403191327035)
((0.9, 0.6, 1e-15, 100), 1.2511137685468524e+31)
((0.9, 0.6, 1e-14, 100), 4.5490038810735585e+31)
((0.9, 0.6, 1e-13, 100), 3.296428733012931e+26)
((0.9, 0.6, 1e-12, 100), 23.392998461905243)
((0.9, 0.6, 1e-11, 100), 3.954402210794807)
((0.9, 0.6, 1e-10, 100), 0.38817534637387885)
((0.9, 0.6, 1e-08, 100), 0.005484898326840435)
((0.9, 0.6, 1e-06, 100), 0.02717240483779244)
((0.9, 0.6, 1e-07, 100), 0.051908294986464695)
((0.9, 0.6, 1e-05, 100), 0.13292613121019642)
((0.9, 0.6, 0.1, 100), 52.92816953325292)
((0.9, 0.6, 0.001, 100), 10.532329910902867)
((0.9, 0.6, 0.0001, 100), 1.9479811952550339)
((0.9, 0.6, 0.01, 100), 57.328815133425394)
((0.9, 0.6, 1e-09, 100), 0.0007310673845642041)
((0.9, 0.7, 1e-08, 100), 0.009168761600990586)
((0.9, 0.7, 1e-09, 100), 0.0010204529978921162)
((0.9, 0.8, 0.01, 100), 78.65007110762899)
((0.9, 0.8, 1e-05, 100), 0.33751033677795583)
((0.9, 0.7, 0.001, 100), 11.854827657429539)
((0.9, 0.7, 1e-10, 100), 0.03086942628690106)
((0.9, 0.7, 1e-05, 100), 0.19039507980176357)
((0.9, 0.7, 0.0001, 100), 2.4296369530089508)
((0.9, 0.7, 1e-06, 100), 0.04952488054477289)
((0.9, 0.8, 0.1, 100), 53.6123437306692)
((0.9, 0.7, 1e-11, 100), 4.033742263674727)
((0.9, 0.7, 1e-12, 100), 24.821448412887957)
((0.9, 0.8, 1e-12, 100), 19.44014340142864)
((0.9, 0.7, 0.1, 100), 45.986488482036094)
((0.9, 0.7, 0.01, 100), 64.68761546568965)
((0.9, 0.7, 1e-13, 100), 101.86107876237989)
((0.9, 0.8, 1e-13, 100), 83.30053003209325)
((0.9, 0.8, 1e-06, 100), 0.04796718141828824)
((0.9, 0.8, 1e-07, 100), 0.1382170027756533)
((0.9, 0.7, 1e-15, 100), 4.685793049787979e+33)
((0.9, 0.8, 0.001, 100), 20.017811748237875)
((0.9, 0.8, 1e-08, 100), 0.018437358487866488)
((0.9, 0.8, 1e-09, 100), 0.0021791916568708707)
((0.9, 0.7, 1e-07, 100), 0.08882747969459835)
((0.9, 0.8, 0.0001, 100), 3.13887386184894)
((0.9, 0.8, 1e-10, 100), 0.006231996267958911)
((0.9, 0.7, 1e-14, 100), 5.6035112499897544e+32)
((0.9, 0.8, 1e-11, 100), 1.4551824563743039)
((0.9, 0.8, 1e-15, 100), 1.741956072741785e+33)
((0.9, 0.8, 1e-14, 100), 2.5921479380713245e+32)
((0.9, 0.9, 1e-13, 100), 55.626956273360825)
((0.9, 0.9, 1e-12, 100), 16.715938609808877)
((0.9, 0.9, 1e-15, 100), 1.5466049087790607e+30)
((0.9, 0.9, 1e-11, 100), 1.2881077057346955)
((0.9, 0.9, 1e-10, 100), 0.012418726591783412)
((0.9, 0.9, 1e-14, 100), 4.327412085417753e+30)
((0.9, 0.9, 1e-09, 100), 0.003417898865025174)
((0.9, 0.9, 1e-07, 100), 0.22323801346201083)
((0.9, 0.9, 1e-08, 100), 0.07186197888682255)
((0.9, 0.9, 0.01, 100), 89.39055957545206)
((0.9, 0.9, 0.1, 100), 64.14609634627246)
((0.9, 0.9, 1e-06, 100), 0.01044619634548917)
((0.9, 0.9, 0.001, 100), 54.53132282312659)
((0.9, 0.9, 1e-05, 100), 0.7624864902952626)
((0.9, 0.9, 0.0001, 100), 5.029320107884975)
--------------------------------------------------------------------------------
Cross validation total time taken: 273.4638192653656 seconds.