((0.1, 0.3, 0.001, 1000), 0.052410178926589)
((0.1, 0.2, 1e-10, 1000), 0.08691803252154755)
((0.1, 0.4, 1e-12, 1000), 8.097749163177183e+17)
((0.1, 0.2, 1e-12, 1000), 7.569453579302771e+17)
((0.1, 0.1, 1e-11, 1000), 0.08271738129995401)
((0.1, 0.3, 0.1, 1000), 0.05069430236998442)
((0.1, 0.1, 1e-08, 1000), 0.04635413309620475)
((0.1, 0.4, 1e-14, 1000), 1.812256103623152e+23)
((0.1, 0.2, 1e-14, 1000), 2.983403312073529e+24)
((0.1, 0.1, 1e-06, 1000), 0.05084416650876461)
((0.1, 0.3, 1e-10, 1000), 81903383548940.0)
((0.1, 0.3, 0.01, 1000), 0.05124234523058161)
((0.1, 0.1, 1e-15, 1000), 2.1233081073935776e+26)
((0.1, 0.4, 1e-15, 1000), 1.6537600449494283e+24)
((0.1, 0.2, 0.1, 1000), 0.05070617031182727)
((0.1, 0.2, 1e-11, 1000), 724516033059729.8)
((0.1, 0.3, 1e-11, 1000), 2141581116628286.8)
((0.1, 0.2, 1e-05, 1000), 0.05226470114324218)
((0.1, 0.4, 1e-11, 1000), 8572185684455.808)
((0.1, 0.3, 1e-07, 1000), 0.05175163263540121)
((0.1, 0.3, 0.0001, 1000), 0.05326556727695901)
((0.1, 0.1, 1e-12, 1000), 0.08543821092303477)
((0.1, 0.2, 1e-13, 1000), 3.9986520370668585e+18)
((0.1, 0.2, 0.01, 1000), 0.05082440951810944)
((0.1, 0.1, 0.01, 1000), 0.05068446153071247)
((0.1, 0.3, 1e-12, 1000), 7.601956940402723e+16)
((0.1, 0.1, 1e-10, 1000), 0.09310871169352994)
((0.1, 0.2, 1e-06, 1000), 0.04896120899929754)
((0.1, 0.1, 1e-14, 1000), 1.8266572098465284e+25)
((0.1, 0.2, 0.001, 1000), 0.05199011844436037)
((0.1, 0.2, 1e-08, 1000), 0.052182062972507395)
((0.1, 0.3, 1e-09, 1000), 0.08627013325203997)
((0.1, 0.2, 1e-07, 1000), 0.04769374465666579)
((0.1, 0.1, 1e-05, 1000), 0.05258389924145933)
((0.1, 0.2, 1e-15, 1000), 3.5812513321389816e+24)
((0.1, 0.1, 0.1, 1000), 0.05072858229563151)
((0.1, 0.1, 0.001, 1000), 0.051166041008289295)
((0.1, 0.3, 1e-08, 1000), 0.04988705005264825)
((0.1, 0.3, 1e-13, 1000), 8.029112176278613e+18)
((0.1, 0.2, 0.0001, 1000), 0.05303186899402222)
((0.1, 0.4, 1e-13, 1000), 6.739955385377786e+20)
((0.1, 0.3, 1e-15, 1000), 7.655450603099234e+24)
((0.1, 0.2, 1e-09, 1000), 0.07112827256111522)
((0.1, 0.1, 0.0001, 1000), 0.05241363114268146)
((0.1, 0.1, 1e-13, 1000), 2.4074408118193164e+19)
((0.1, 0.1, 1e-09, 1000), 0.051270058531661764)
((0.1, 0.3, 1e-05, 1000), 0.05226285215310339)
((0.1, 0.3, 1e-14, 1000), 8.610296272810657e+23)
((0.1, 0.1, 1e-07, 1000), 0.0476881876909321)
((0.1, 0.3, 1e-06, 1000), 0.050104532269153304)
((0.1, 0.4, 1e-10, 1000), 373136803166140.5)
((0.1, 0.4, 0.001, 1000), 0.05264048965311101)
((0.1, 0.4, 0.1, 1000), 0.05073624887309645)
((0.1, 0.6, 1e-13, 1000), 8.880859594081301e+19)
((0.1, 0.6, 1e-08, 1000), 0.04915991829480065)
((0.1, 0.4, 1e-06, 1000), 0.052292213461967905)
((0.1, 0.4, 0.01, 1000), 0.051811523667789315)
((0.1, 0.4, 1e-09, 1000), 0.09791246620514447)
((0.1, 0.4, 1e-08, 1000), 0.04661145366587901)
((0.1, 0.5, 1e-05, 1000), 0.05652889914174751)
((0.1, 0.5, 1e-14, 1000), 1.1093320766866114e+24)
((0.1, 0.6, 1e-09, 1000), 24748669670692.15)
((0.1, 0.5, 0.1, 1000), 0.05089479794092332)
((0.1, 0.5, 1e-06, 1000), 0.05316069587124002)
((0.1, 0.4, 1e-07, 1000), 0.05203789065473826)
((0.1, 0.5, 1e-07, 1000), 0.05103045288914991)
((0.1, 0.6, 1e-10, 1000), 2.4866381894547704e+16)
((0.1, 0.5, 1e-11, 1000), 1.1503320953333221e+17)
((0.1, 0.4, 1e-05, 1000), 0.05412641220254433)
((0.1, 0.5, 1e-10, 1000), 3319461910811774.0)
((0.1, 0.6, 1e-14, 1000), 1.8436792826168153e+27)
((0.1, 0.4, 0.0001, 1000), 0.05355860568179471)
((0.1, 0.5, 1e-09, 1000), 610817600810.369)
((0.1, 0.6, 1e-06, 1000), 0.05364706138537332)
((0.1, 0.5, 1e-08, 1000), 0.048929749296596735)
((0.1, 0.6, 0.1, 1000), 0.05116638273475456)
((0.1, 0.5, 0.01, 1000), 0.05199245711633508)
((0.1, 0.6, 0.0001, 1000), 0.05597080305238261)
((0.1, 0.5, 1e-12, 1000), 3.553569313420528e+16)
((0.1, 0.6, 1e-11, 1000), 1.8762416740107885e+17)
((0.1, 0.5, 1e-15, 1000), 3.0953537943575286e+25)
((0.1, 0.7, 1e-12, 1000), 1835271482486606.0)
((0.1, 0.5, 0.001, 1000), 0.05288685056969149)
((0.1, 0.7, 1e-14, 1000), 1.7054346956578253e+23)
((0.1, 0.7, 1e-08, 1000), 950614333123.28)
((0.1, 0.5, 1e-13, 1000), 6.653699820624424e+19)
((0.1, 0.6, 0.001, 1000), 0.053060033375435675)
((0.1, 0.5, 0.0001, 1000), 0.054419087186022286)
((0.1, 0.6, 1e-15, 1000), 2.7122722889827285e+26)
((0.1, 0.6, 1e-12, 1000), 1.978860786566303e+21)
((0.1, 0.6, 1e-07, 1000), 0.05018304649005173)
((0.1, 0.7, 1e-10, 1000), 1.2370125088804778e+16)
((0.1, 0.7, 1e-15, 1000), 1.865719371915918e+25)
((0.1, 0.7, 1e-11, 1000), 4.450563546258761e+20)
((0.1, 0.6, 0.01, 1000), 0.05180306250785428)
((0.1, 0.6, 1e-05, 1000), 0.057665781485947934)
((0.1, 0.7, 1e-13, 1000), 1.7478056781814246e+18)
((0.1, 0.7, 1e-07, 1000), 0.05053618645781384)
((0.1, 0.7, 1e-09, 1000), 860227220867.0222)
((0.1, 0.7, 1e-06, 1000), 0.054467837204002834)
((0.1, 0.7, 1e-05, 1000), 0.058585593158146244)
((0.1, 0.8, 0.0001, 1000), 0.0572845951267821)
((0.1, 0.8, 1e-12, 1000), 1.3015194395646734e+19)
((0.1, 0.7, 0.01, 1000), 0.051607764788680545)
((0.1, 0.8, 0.001, 1000), 0.052933435121765925)
((0.1, 0.8, 1e-11, 1000), 3.0277633751913585e+18)
((0.1, 0.7, 0.001, 1000), 0.053093245040027104)
((0.1, 0.8, 1e-15, 1000), 2.3118494263306285e+24)
((0.1, 0.8, 1e-09, 1000), 2045052883366865.5)
((0.1, 0.8, 1e-10, 1000), 7.572095268334194e+16)
((0.1, 0.8, 1e-06, 1000), 0.05649535066907463)
((0.1, 0.7, 0.1, 1000), 0.05141998660830248)
((0.1, 0.9, 1e-15, 1000), 6.113743175216578e+24)
((0.1, 0.7, 0.0001, 1000), 0.05713025533871226)
((0.1, 0.9, 0.0001, 1000), 0.056427272586902624)
((0.1, 0.9, 1e-12, 1000), 1.2171261427744158e+22)
((0.1, 0.9, 1e-14, 1000), 6.768109513364371e+26)
((0.1, 0.8, 1e-07, 1000), 0.05248280074533075)
((0.1, 0.9, 1e-08, 1000), 439152581288.8372)
((0.1, 0.8, 1e-13, 1000), 3.3531289637135213e+19)
((0.1, 0.9, 1e-07, 1000), 0.05638289515566168)
((0.1, 0.9, 0.001, 1000), 0.05245105273311622)
((0.1, 0.8, 1e-14, 1000), 1.0857863124016208e+28)
((0.1, 0.8, 1e-08, 1000), 335674037703.0333)
((0.1, 0.9, 0.1, 1000), 0.05149602983083719)
((0.1, 0.9, 1e-11, 1000), 8.120791152130609e+17)
((0.1, 0.8, 1e-05, 1000), 0.05997024092634699)
((0.1, 0.9, 1e-13, 1000), 1.172892122927665e+22)
((0.1, 0.8, 0.01, 1000), 0.051492498863555766)
((0.1, 0.8, 0.1, 1000), 0.051532357948416006)
((0.2, 0.1, 1e-15, 1000), 2.298232479721148e+25)
((0.1, 0.9, 0.01, 1000), 0.05138739491988067)
((0.1, 0.9, 1e-05, 1000), 0.06122113304799113)
((0.1, 0.9, 1e-09, 1000), 15052374225770.941)
((0.1, 0.9, 1e-10, 1000), 222403710980805.3)
((0.2, 0.1, 1e-12, 1000), 6.713848792781032e+20)
((0.2, 0.1, 1e-14, 1000), 7.002653647412786e+25)
((0.2, 0.1, 1e-05, 1000), 0.04976602016361376)
((0.1, 0.9, 1e-06, 1000), 0.06128697729554591)
((0.2, 0.1, 1e-10, 1000), 0.0574711906166933)
((0.2, 0.1, 0.01, 1000), 0.05086034745333823)
((0.2, 0.1, 1e-06, 1000), 0.04970932018998292)
((0.2, 0.1, 1e-13, 1000), 6.628462116609644e+20)
((0.2, 0.1, 1e-09, 1000), 0.08279049508540577)
((0.2, 0.1, 1e-07, 1000), 0.04885190273539205)
((0.2, 0.1, 1e-11, 1000), 0.047058743361413434)
((0.2, 0.1, 0.0001, 1000), 0.05167102465410321)
((0.2, 0.1, 1e-08, 1000), 0.1107849564154036)
((0.2, 0.1, 0.001, 1000), 0.05182910504201295)
((0.2, 0.1, 0.1, 1000), 0.05070336982754563)
((0.2, 0.2, 1e-15, 1000), 2.0470473069880825e+25)
((0.2, 0.2, 1e-13, 1000), 2.537843706853972e+21)
((0.2, 0.3, 1e-09, 1000), 14185556713254.072)
((0.2, 0.2, 1e-14, 1000), 5.20462494033116e+25)
((0.2, 0.2, 0.1, 1000), 0.050697963268103684)
((0.2, 0.2, 1e-12, 1000), 3.90535795502869e+19)
((0.2, 0.2, 1e-09, 1000), 0.0783305218209202)
((0.2, 0.2, 1e-10, 1000), 7.066297917825397e+16)
((0.2, 0.2, 1e-08, 1000), 0.08774268491432856)
((0.2, 0.2, 0.0001, 1000), 0.05142954469705076)
((0.2, 0.2, 1e-11, 1000), 2.1063487470942916e+16)
((0.2, 0.3, 1e-15, 1000), 2.0997486701338273e+25)
((0.2, 0.2, 1e-06, 1000), 0.04844233197232259)
((0.2, 0.2, 1e-07, 1000), 0.057126504277821955)
((0.2, 0.2, 1e-05, 1000), 0.047715760863274)
((0.2, 0.3, 1e-13, 1000), 1.126703299037174e+21)
((0.2, 0.2, 0.001, 1000), 0.05211939312671078)
((0.2, 0.3, 1e-10, 1000), 347110879159.8835)
((0.2, 0.3, 1e-11, 1000), 1.688188256424912e+17)
((0.2, 0.3, 1e-14, 1000), 4.5703875073243714e+27)
((0.2, 0.2, 0.01, 1000), 0.051461646481908964)
((0.2, 0.3, 1e-12, 1000), 2.462871702759555e+18)
((0.2, 0.4, 0.0001, 1000), 0.051893129890809596)
((0.2, 0.4, 1e-14, 1000), 1.808390538475821e+26)
((0.2, 0.3, 1e-08, 1000), 0.09660081477229134)
((0.2, 0.3, 0.01, 1000), 0.0519757454340124)
((0.2, 0.3, 1e-06, 1000), 0.0529078696085856)
((0.2, 0.3, 0.1, 1000), 0.050859875137135455)
((0.2, 0.3, 1e-07, 1000), 0.07509173980186626)
((0.2, 0.3, 0.0001, 1000), 0.0510504345484156)
((0.2, 0.4, 1e-13, 1000), 6.722241039761252e+20)
((0.2, 0.3, 1e-05, 1000), 0.04874173165259889)
((0.2, 0.3, 0.001, 1000), 0.052375957714975496)
((0.2, 0.4, 1e-09, 1000), 13195736308276.34)
((0.2, 0.4, 1e-08, 1000), 2129967485663.9258)
((0.2, 0.4, 1e-15, 1000), 1.3815741377623277e+25)
((0.2, 0.4, 1e-06, 1000), 0.051247167768317003)
((0.2, 0.4, 1e-11, 1000), 3.586452693134038e+18)
((0.2, 0.4, 1e-10, 1000), 213602826626.0862)
((0.2, 0.4, 1e-12, 1000), 3.928081458685689e+18)
((0.2, 0.4, 1e-05, 1000), 0.05170393383712628)
((0.2, 0.4, 0.1, 1000), 0.05125733450799465)
((0.2, 0.5, 1e-14, 1000), 8.62331613895429e+24)
((0.2, 0.4, 1e-07, 1000), 0.08061215888549184)
((0.2, 0.5, 1e-13, 1000), 3.831154542470937e+19)
((0.2, 0.5, 1e-12, 1000), 3.105326915456613e+19)
((0.2, 0.4, 0.001, 1000), 0.052669192939200214)
((0.2, 0.5, 1e-15, 1000), 1.2991130245252079e+21)
((0.2, 0.4, 0.01, 1000), 0.0520196400264311)
((0.2, 0.5, 1e-11, 1000), 1.0633084256555282e+19)
((0.2, 0.5, 1e-10, 1000), 192120468654994.3)
((0.2, 0.5, 1e-09, 1000), 11362409242.124783)
((0.2, 0.6, 1e-15, 1000), 2.4306461197492455e+24)
((0.2, 0.5, 1e-07, 1000), 0.08099261743521272)
((0.2, 0.5, 1e-05, 1000), 0.052643554230078535)
((0.2, 0.5, 1e-08, 1000), 12472319237581.535)
((0.2, 0.5, 1e-06, 1000), 0.04810210403536751)
((0.2, 0.5, 0.0001, 1000), 0.05425609535005742)
((0.2, 0.5, 0.1, 1000), 0.05170469729643111)
((0.2, 0.6, 1e-08, 1000), 178989787504.7277)
((0.2, 0.5, 0.01, 1000), 0.05203252264405783)
((0.2, 0.5, 0.001, 1000), 0.05322085733288902)
((0.2, 0.6, 1e-12, 1000), 2.83456199463983e+18)
((0.2, 0.6, 1e-09, 1000), 2321414337.1963615)
((0.2, 0.6, 0.001, 1000), 0.054330903150294416)
((0.2, 0.6, 1e-14, 1000), 1.4354029597047672e+23)
((0.2, 0.6, 1e-13, 1000), 3.472651428611725e+21)
((0.2, 0.6, 1e-11, 1000), 2.3473539203186913e+19)
((0.2, 0.6, 0.0001, 1000), 0.05594074861413371)
((0.2, 0.6, 1e-10, 1000), 842981493852272.8)
((0.2, 0.6, 0.1, 1000), 0.05183923175529039)
((0.2, 0.7, 1e-14, 1000), 1.0422441640086258e+23)
((0.2, 0.6, 1e-07, 1000), 0.07228888024116092)
((0.2, 0.6, 1e-06, 1000), 0.047070744160189845)
((0.2, 0.6, 0.01, 1000), 0.052101808391116)
((0.2, 0.6, 1e-05, 1000), 0.0527047467177441)
((0.2, 0.7, 1e-13, 1000), 6.28352025554257e+21)
((0.2, 0.7, 1e-07, 1000), 0.06125228024189253)
((0.2, 0.7, 1e-05, 1000), 0.05307327576381703)
((0.2, 0.8, 1e-12, 1000), 6.894249811458086e+17)
((0.2, 0.8, 1e-11, 1000), 1.5898351302335626e+16)
((0.2, 0.7, 1e-12, 1000), 3.2145105912230957e+19)
((0.2, 0.7, 1e-10, 1000), 314513879127813.1)
((0.2, 0.7, 1e-11, 1000), 1.1940641294380733e+17)
((0.2, 0.7, 0.0001, 1000), 0.05709206435174523)
((0.2, 0.7, 1e-09, 1000), 55832162651626.11)
((0.2, 0.7, 1e-15, 1000), 4.1454340397488743e+24)
((0.2, 0.7, 0.1, 1000), 0.05169023173376282)
((0.2, 0.7, 1e-06, 1000), 0.047571406130704284)
((0.2, 0.7, 0.01, 1000), 0.052108372673032324)
((0.2, 0.7, 1e-08, 1000), 1.0921659569007828e+16)
((0.2, 0.7, 0.001, 1000), 0.05550490171063407)
((0.2, 0.8, 1e-07, 1000), 44477995022.19353)
((0.2, 0.8, 1e-09, 1000), 713529890339158.8)
((0.2, 0.8, 1e-14, 1000), 2.1648053153048692e+24)
((0.2, 0.8, 1e-10, 1000), 979445460972589.6)
((0.2, 0.8, 1e-13, 1000), 1.8229281786224635e+21)
((0.2, 0.8, 1e-15, 1000), 2.3915078252354514e+25)
((0.2, 0.8, 1e-08, 1000), 3518960750428.876)
((0.2, 0.8, 1e-06, 1000), 0.050100794609689615)
((0.2, 0.8, 0.0001, 1000), 0.058630238793116615)
((0.2, 0.8, 0.001, 1000), 0.05565636279183438)
((0.2, 0.8, 1e-05, 1000), 0.05448919743023478)
((0.2, 0.9, 1e-15, 1000), 3.948339894490858e+22)
((0.2, 0.8, 0.01, 1000), 0.05203479094637181)
((0.2, 0.8, 0.1, 1000), 0.05150479294311845)
((0.2, 0.9, 1e-05, 1000), 0.05862238933796189)
((0.2, 0.9, 1e-12, 1000), 1237637822.9801364)
((0.2, 0.9, 1e-14, 1000), 3.1399108947403883e+29)
((0.2, 0.9, 1e-10, 1000), 5911698492051598.0)
((0.2, 0.9, 1e-13, 1000), 7.572400251481668e+18)
((0.2, 0.9, 0.1, 1000), 0.051426952342777096)
((0.2, 0.9, 1e-08, 1000), 102940571857.65677)
((0.2, 0.9, 1e-11, 1000), 1252313530027.891)
((0.3, 0.1, 1e-14, 1000), 3.069537651502293e+25)
((0.2, 0.9, 1e-07, 1000), 56439791577.99905)
((0.2, 0.9, 1e-09, 1000), 113656050572353.6)
((0.3, 0.2, 1e-13, 1000), 5.543999884310339e+22)
((0.2, 0.9, 0.0001, 1000), 0.060260090334242)
((0.3, 0.1, 1e-15, 1000), 2.312131779932424e+26)
((0.3, 0.1, 1e-05, 1000), 0.04974244073519965)
((0.2, 0.9, 0.001, 1000), 0.054371187235156215)
((0.2, 0.9, 1e-06, 1000), 0.053833419850330355)
((0.2, 0.9, 0.01, 1000), 0.05182905380439229)
((0.3, 0.1, 1e-13, 1000), 9.312435980851578e+22)
((0.3, 0.2, 1e-11, 1000), 6.484893079408059e+18)
((0.3, 0.1, 0.001, 1000), 0.05148362133627789)
((0.3, 0.1, 1e-07, 1000), 0.10728069783318553)
((0.3, 0.1, 1e-12, 1000), 1.4598155999021016e+21)
((0.3, 0.1, 1e-09, 1000), 0.0449091459522291)
((0.3, 0.1, 1e-11, 1000), 0.05387207491676012)
((0.3, 0.1, 1e-10, 1000), 0.05851834947982748)
((0.3, 0.1, 0.01, 1000), 0.0512202406761144)
((0.3, 0.1, 0.1, 1000), 0.05068885319395263)
((0.3, 0.2, 1e-15, 1000), 2.1644452058624695e+24)
((0.3, 0.1, 1e-08, 1000), 0.061680347674851574)
((0.3, 0.1, 0.0001, 1000), 0.050020184156150393)
((0.3, 0.1, 1e-06, 1000), 0.04859829422086533)
((0.3, 0.2, 1e-08, 1000), 0.050246006613279826)
((0.3, 0.2, 1e-14, 1000), 1.785299822889416e+26)
((0.3, 0.2, 1e-09, 1000), 1349970582664164.5)
((0.3, 0.2, 1e-10, 1000), 53556831178918.016)
((0.3, 0.2, 1e-07, 1000), 0.07922645703263709)
((0.3, 0.2, 1e-12, 1000), 3.181602699439715e+20)
((0.3, 0.2, 1e-05, 1000), 0.04810694302135134)
((0.3, 0.2, 1e-06, 1000), 0.06607797415674337)
((0.3, 0.2, 0.001, 1000), 0.0514215655848138)
((0.3, 0.2, 0.0001, 1000), 0.048732397797860635)
((0.3, 0.2, 0.01, 1000), 0.05169433227376889)
((0.3, 0.2, 0.1, 1000), 0.05087798545313429)
((0.3, 0.3, 1e-15, 1000), 7.408583273122857e+26)
((0.3, 0.3, 1e-14, 1000), 1.098667878426645e+28)
((0.3, 0.3, 1e-12, 1000), 3.872585197662478e+20)
((0.3, 0.3, 1e-13, 1000), 4.91228012336568e+18)
((0.3, 0.3, 1e-07, 1000), 0.07889110349675414)
((0.3, 0.3, 1e-10, 1000), 5.164383677660614e+16)
((0.3, 0.4, 1e-09, 1000), 42291920949802.945)
((0.3, 0.3, 1e-11, 1000), 1.068301509853119e+19)
((0.3, 0.3, 1e-09, 1000), 210118034620651.38)
((0.3, 0.3, 1e-08, 1000), 0.04590320197643328)
((0.3, 0.3, 0.0001, 1000), 0.04832762283541202)
((0.3, 0.3, 1e-05, 1000), 0.05165366803172415)
((0.3, 0.3, 1e-06, 1000), 0.07689226731632846)
((0.3, 0.3, 0.01, 1000), 0.05169698397362264)
((0.3, 0.4, 1e-11, 1000), 1.0438302939831026e+19)
((0.3, 0.4, 1e-10, 1000), 1.082524495938287e+17)
((0.3, 0.5, 1e-10, 1000), 2657729021119081.0)
((0.3, 0.4, 1e-12, 1000), 1.502349181559948e+18)
((0.3, 0.4, 1e-14, 1000), 2.6969424360875863e+29)
((0.3, 0.4, 0.1, 1000), 0.05177997771691475)
((0.3, 0.3, 0.001, 1000), 0.051357276178140655)
((0.3, 0.4, 0.0001, 1000), 0.050532785729046216)
((0.3, 0.4, 1e-06, 1000), 0.08094913720567656)
((0.3, 0.4, 1e-15, 1000), 2.6982799762524734e+28)
((0.3, 0.3, 0.1, 1000), 0.05130389496969444)
((0.3, 0.4, 1e-05, 1000), 0.05114328841426211)
((0.3, 0.4, 1e-13, 1000), 3.192168383898551e+19)
((0.3, 0.4, 1e-07, 1000), 0.07996751986667268)
((0.3, 0.4, 1e-08, 1000), 1992527200480.984)
((0.3, 0.5, 1e-15, 1000), 1.947587982367291e+26)
((0.3, 0.5, 1e-09, 1000), 26852655624091.7)
((0.3, 0.4, 0.01, 1000), 0.05188954005431993)
((0.3, 0.4, 0.001, 1000), 0.05160163002753948)
((0.3, 0.5, 1e-06, 1000), 0.08314841000452841)
((0.3, 0.5, 1e-07, 1000), 926660094558.9182)
((0.3, 0.5, 1e-13, 1000), 8.186208958428927e+18)
((0.3, 0.5, 1e-14, 1000), 1.780410450381754e+29)
((0.3, 0.5, 1e-12, 1000), 3.7953910125755875e+19)
((0.3, 0.5, 1e-05, 1000), 0.04827223838566129)
((0.3, 0.5, 1e-08, 1000), 49098065120.11391)
((0.3, 0.5, 0.001, 1000), 0.052963597105492886)
((0.3, 0.5, 1e-11, 1000), 3.3775426784283786e+18)
((0.3, 0.5, 0.01, 1000), 0.05214487983280084)
((0.3, 0.5, 0.0001, 1000), 0.052408361590873934)
((0.3, 0.5, 0.1, 1000), 0.05186335904975666)
((0.3, 0.6, 1e-13, 1000), 6.013643800071454e+20)
((0.3, 0.6, 1e-14, 1000), 9.313854732090008e+25)
((0.3, 0.6, 1e-15, 1000), 7.485157037152386e+27)
((0.3, 0.6, 1e-12, 1000), 1.2171331413739271e+22)
((0.3, 0.6, 1e-11, 1000), 4.055344987758356e+18)
((0.3, 0.6, 1e-10, 1000), 9.366866256232125e+16)
((0.3, 0.6, 1e-08, 1000), 501130556.37628794)
((0.3, 0.6, 1e-09, 1000), 1321574120240.155)
((0.3, 0.6, 1e-07, 1000), 97632507249822.34)
((0.3, 0.6, 1e-05, 1000), 0.04744125874988399)
((0.3, 0.6, 1e-06, 1000), 0.07767875509554965)
((0.3, 0.7, 1e-05, 1000), 0.04811430565458816)
((0.3, 0.7, 1e-12, 1000), 2.046234424067876e+22)
((0.3, 0.7, 1e-11, 1000), 7.813987159532211e+18)
((0.3, 0.6, 0.0001, 1000), 0.05291120933610843)
((0.3, 0.7, 1e-14, 1000), 1.9473379944379427e+25)
((0.3, 0.6, 0.1, 1000), 0.05169440015150384)
((0.3, 0.6, 0.01, 1000), 0.052311596973039706)
((0.3, 0.7, 1e-08, 1000), 22261880609309.04)
((0.3, 0.6, 0.001, 1000), 0.05523626545170648)
((0.3, 0.7, 1e-13, 1000), 5.956937237762974e+19)
((0.3, 0.7, 1e-06, 1000), 0.06395233908738907)
((0.3, 0.7, 1e-15, 1000), 4.994080763126705e+24)
((0.3, 0.7, 1e-10, 1000), 3.538120237932743e+16)
((0.3, 0.7, 0.0001, 1000), 0.05346626310688276)
((0.3, 0.8, 1e-13, 1000), 1.049061631505772e+22)
((0.3, 0.7, 1e-09, 1000), 164769732270652.75)
((0.3, 0.7, 1e-07, 1000), 518680975724.00037)
((0.3, 0.7, 0.01, 1000), 0.05237644169149462)
((0.3, 0.7, 0.1, 1000), 0.05155635094642055)
((0.3, 0.8, 1e-12, 1000), 1.9155978591836326e+21)
((0.3, 0.8, 1e-14, 1000), 8.986032882223893e+22)
((0.3, 0.9, 1e-12, 1000), 4.346606423127321e+18)
((0.3, 0.7, 0.001, 1000), 0.057084789235648206)
((0.3, 0.8, 1e-15, 1000), 1.091395600683189e+26)
((0.3, 0.8, 1e-11, 1000), 3.982265741712472e+17)
((0.3, 0.8, 0.1, 1000), 0.051477391173669604)
((0.3, 0.8, 1e-09, 1000), 262778959012340.6)
((0.3, 0.8, 1e-08, 1000), 359136308204.66815)
((0.3, 0.8, 0.0001, 1000), 0.055106846709989686)
((0.3, 0.9, 1e-15, 1000), 7.474909008687579e+22)
((0.3, 0.8, 0.001, 1000), 0.05825235291567428)
((0.3, 0.8, 1e-05, 1000), 0.0503376829780753)
((0.3, 0.8, 1e-07, 1000), 274222614135.03973)
((0.3, 0.8, 1e-10, 1000), 6.867590829157353e+17)
((0.3, 0.8, 1e-06, 1000), 11307235463.756498)
((0.3, 0.9, 1e-13, 1000), 3.0596737331584814e+20)
((0.3, 0.9, 1e-11, 1000), 4.354736972923278e+17)
((0.3, 0.9, 1e-14, 1000), 4.889532911192087e+24)
((0.3, 0.9, 1e-06, 1000), 0.047038571774528776)
((0.3, 0.9, 1e-10, 1000), 26520834674458.266)
((0.3, 0.9, 1e-09, 1000), 1253397963677439.8)
((0.3, 0.8, 0.01, 1000), 0.05234820478389113)
((0.3, 0.9, 1e-08, 1000), 60742083232917.914)
((0.3, 0.9, 1e-07, 1000), 15870986646.049902)
((0.3, 0.9, 0.0001, 1000), 0.05907366405203651)
((0.3, 0.9, 1e-05, 1000), 0.054223672631489125)
((0.4, 0.1, 1e-10, 1000), 0.06636718763180904)
((0.3, 0.9, 0.01, 1000), 0.0521725261104317)
((0.4, 0.1, 1e-14, 1000), 1.7027605166806782e+26)
((0.3, 0.9, 0.1, 1000), 0.051388431830982385)
((0.3, 0.9, 0.001, 1000), 0.0571440043404423)
((0.4, 0.1, 1e-06, 1000), 0.05377094961970998)
((0.4, 0.1, 1e-05, 1000), 0.04927171948717324)
((0.4, 0.1, 1e-11, 1000), 1.6503556886941703e+20)
((0.4, 0.1, 1e-13, 1000), 1.5063383769271994e+22)
((0.4, 0.1, 1e-12, 1000), 1.5596393121266797e+22)
((0.4, 0.1, 1e-07, 1000), 0.05019910597200603)
((0.4, 0.2, 1e-08, 1000), 0.04849885964018617)
((0.4, 0.1, 0.0001, 1000), 0.0489063524757498)
((0.4, 0.1, 1e-15, 1000), 1.1775500924240773e+24)
((0.4, 0.1, 1e-09, 1000), 0.055655044378985274)
((0.4, 0.1, 0.001, 1000), 0.05036367194282415)
((0.4, 0.1, 1e-08, 1000), 0.041993117091756495)
((0.4, 0.1, 0.1, 1000), 0.05075869153122927)
((0.4, 0.1, 0.01, 1000), 0.051398994666390106)
((0.4, 0.2, 1e-12, 1000), 1.4029691396358438e+21)
((0.4, 0.2, 1e-15, 1000), 1.4807109904572742e+26)
((0.4, 0.2, 1e-11, 1000), 1.9481849663598515e+18)
((0.4, 0.2, 1e-06, 1000), 0.06834279614234212)
((0.4, 0.2, 1e-09, 1000), 27928960500.353996)
((0.4, 0.2, 1e-14, 1000), 1.3977580633253902e+23)
((0.4, 0.2, 0.1, 1000), 0.05117672905056956)
((0.4, 0.3, 1e-15, 1000), 3.493722503883953e+26)
((0.4, 0.2, 1e-13, 1000), 5.851789610511053e+22)
((0.4, 0.2, 1e-07, 1000), 0.04633309916819565)
((0.4, 0.2, 0.001, 1000), 0.049797928957503)
((0.4, 0.2, 0.0001, 1000), 0.04740097902474094)
((0.4, 0.2, 1e-10, 1000), 6.238616904953446e+17)
((0.4, 0.2, 0.01, 1000), 0.051186384206769665)
((0.4, 0.2, 1e-05, 1000), 0.05567518835109693)
((0.4, 0.3, 1e-13, 1000), 3.6958137255429767e+22)
((0.4, 0.3, 1e-09, 1000), 23602392643.72848)
((0.4, 0.3, 1e-08, 1000), 29012128334.903698)
((0.4, 0.3, 1e-12, 1000), 1.0335669827776294e+18)
((0.4, 0.3, 1e-11, 1000), 4.690896913226277e+18)
((0.4, 0.3, 1e-14, 1000), 1.90502467860298e+26)
((0.4, 0.3, 0.001, 1000), 0.04921805679591936)
((0.4, 0.3, 1e-10, 1000), 5.891267887636662e+17)
((0.4, 0.3, 1e-05, 1000), 0.07020351309694975)
((0.4, 0.3, 1e-06, 1000), 0.06311453151484933)
((0.4, 0.3, 1e-07, 1000), 0.04458717114372128)
((0.4, 0.3, 0.0001, 1000), 0.04909089403861087)
((0.4, 0.3, 0.1, 1000), 0.05156724712457733)
((0.4, 0.3, 0.01, 1000), 0.051401728276587)
((0.4, 0.4, 1e-15, 1000), 7.658757623417977e+26)
((0.4, 0.4, 1e-08, 1000), 114096792044.56265)
((0.4, 0.4, 1e-13, 1000), 3.690053521861137e+22)
((0.4, 0.4, 1e-14, 1000), 1.0022565030984277e+25)
((0.4, 0.4, 1e-10, 1000), 1.2093501084502963e+18)
((0.4, 0.4, 1e-12, 1000), 1.1891578897209717e+21)
((0.4, 0.4, 1e-11, 1000), 6.940388954628762e+17)
((0.4, 0.4, 1e-09, 1000), 746780949199279.5)
((0.4, 0.4, 1e-05, 1000), 0.07284070023467333)
((0.4, 0.5, 0.001, 1000), 0.0516808578468448)
((0.4, 0.4, 0.0001, 1000), 0.0505031093721975)
((0.4, 0.4, 1e-07, 1000), 456542240.27803105)
((0.4, 0.5, 1e-15, 1000), 1.2061254134099802e+25)
((0.4, 0.5, 1e-05, 1000), 0.07251215160298116)
((0.4, 0.4, 1e-06, 1000), 0.05840246720936726)
((0.4, 0.5, 1e-14, 1000), 1.0534524814071488e+24)
((0.4, 0.4, 0.001, 1000), 0.04972531942881724)
((0.4, 0.5, 0.1, 1000), 0.051521644642082566)
((0.4, 0.6, 1e-12, 1000), 7.173487815125124e+16)
((0.4, 0.5, 0.0001, 1000), 0.049578559356451966)
((0.4, 0.4, 0.1, 1000), 0.05161173158885009)
((0.4, 0.6, 1e-14, 1000), 3.238768175579879e+25)
((0.4, 0.5, 1e-10, 1000), 7168601464392924.0)
((0.4, 0.4, 0.01, 1000), 0.05176029060331215)
((0.4, 0.5, 1e-12, 1000), 1.0218670632249027e+17)
((0.4, 0.5, 1e-08, 1000), 67580914808.65674)
((0.4, 0.5, 1e-07, 1000), 7912976.899508877)
((0.4, 0.5, 1e-06, 1000), 93274713765.2911)
((0.4, 0.5, 1e-13, 1000), 3.0686119630456996e+21)
((0.4, 0.5, 0.01, 1000), 0.052250718141813514)
((0.4, 0.5, 1e-11, 1000), 4.5752198202918067e+18)
((0.4, 0.5, 1e-09, 1000), 5332878952553028.0)
((0.4, 0.6, 1e-15, 1000), 2.026976084062165e+26)
((0.4, 0.6, 1e-08, 1000), 6984531797904.393)
((0.4, 0.6, 1e-07, 1000), 1673888848.1985295)
((0.4, 0.6, 1e-10, 1000), 3.2241236642839813e+18)
((0.4, 0.6, 1e-11, 1000), 8.736039259659166e+16)
((0.4, 0.6, 1e-13, 1000), 1.6283006221564854e+21)
((0.4, 0.6, 1e-09, 1000), 1837642859563673.2)
((0.4, 0.6, 1e-06, 1000), 498673847.43592536)
((0.4, 0.6, 1e-05, 1000), 0.06569859929924504)
((0.4, 0.6, 0.01, 1000), 0.05308465495357486)
((0.4, 0.6, 0.001, 1000), 0.05350544547464277)
((0.4, 0.6, 0.0001, 1000), 0.04899721184399424)
((0.4, 0.6, 0.1, 1000), 0.0515231292286588)
((0.4, 0.7, 1e-14, 1000), 1.4897410008111952e+24)
((0.4, 0.7, 1e-15, 1000), 3.6430827802206957e+23)
((0.4, 0.7, 1e-13, 1000), 0.07834564533256863)
((0.4, 0.7, 1e-11, 1000), 2.658201696700487e+17)
((0.4, 0.7, 1e-12, 1000), 2.979665463096113e+19)
((0.4, 0.7, 1e-10, 1000), 1.4708681676156221e+18)
((0.4, 0.7, 1e-09, 1000), 2673352144434318.5)
((0.4, 0.7, 1e-06, 1000), 2014322523.2462392)
((0.4, 0.7, 1e-05, 1000), 0.05510073112046959)
((0.4, 0.7, 1e-07, 1000), 37829706621602.71)
((0.4, 0.7, 0.001, 1000), 0.054927396790134295)
((0.4, 0.7, 0.0001, 1000), 0.04974161381933102)
((0.4, 0.7, 1e-08, 1000), 439165094.00465506)
((0.4, 0.7, 0.01, 1000), 0.0540490032683697)
((0.4, 0.8, 1e-10, 1000), 236603568836372.75)
((0.4, 0.7, 0.1, 1000), 0.05155521548203272)
((0.4, 0.8, 1e-08, 1000), 4463880513414.579)
((0.4, 0.8, 1e-13, 1000), 1.372731185857126e+19)
((0.4, 0.8, 1e-15, 1000), 3.944424032673121e+26)
((0.4, 0.8, 1e-07, 1000), 192809984748.8317)
((0.4, 0.8, 1e-14, 1000), 3.6966533379436213e+25)
((0.4, 0.9, 1e-13, 1000), 7.72540289772777e+20)
((0.4, 0.8, 1e-12, 1000), 1.4472155813464051e+20)
((0.4, 0.8, 1e-09, 1000), 7.982725948461415e+19)
((0.4, 0.8, 1e-06, 1000), 4256589390.6836114)
((0.4, 0.8, 0.001, 1000), 0.05690610367366109)
((0.4, 0.8, 1e-05, 1000), 0.0473341346766268)
((0.4, 0.8, 1e-11, 1000), 2.0188977680835292e+18)
((0.4, 0.8, 0.1, 1000), 0.051582512651119905)
((0.4, 0.9, 1e-12, 1000), 2.5492489347569766e+20)
((0.4, 0.8, 0.01, 1000), 0.053992264468597395)
((0.4, 0.9, 1e-14, 1000), 3.608893585903423e+29)
((0.4, 0.9, 1e-05, 1000), 0.05228780563438736)
((0.4, 0.8, 0.0001, 1000), 0.05166710724643954)
((0.4, 0.9, 1e-15, 1000), 1.8114608751414922e+25)
((0.4, 0.9, 1e-11, 1000), 3.6783156603091964e+19)
((0.4, 0.9, 1e-10, 1000), 1.88473862386024e+17)
((0.4, 0.9, 1e-09, 1000), 782845030997757.4)
((0.4, 0.9, 1e-07, 1000), 134015346318.22165)
((0.4, 0.9, 0.01, 1000), 0.0525486260524078)
((0.4, 0.9, 1e-08, 1000), 108430705157.81659)
((0.4, 0.9, 0.001, 1000), 0.05914710079202634)
((0.4, 0.9, 1e-06, 1000), 249733178.75008637)
((0.5, 0.1, 1e-14, 1000), 2.6359357146595174e+23)
((0.5, 0.1, 1e-12, 1000), 3.8645669404168566e+20)
((0.4, 0.9, 0.0001, 1000), 0.055868808448113025)
((0.5, 0.1, 1e-15, 1000), 8.558867212477969e+26)
((0.5, 0.1, 1e-13, 1000), 1.3154933837132368e+22)
((0.4, 0.9, 0.1, 1000), 0.051517265055384565)
((0.5, 0.1, 1e-10, 1000), 0.0335489459771405)
((0.5, 0.1, 1e-11, 1000), 0.07363847140411013)
((0.5, 0.1, 1e-08, 1000), 0.036820697245095804)
((0.5, 0.1, 1e-09, 1000), 0.052262771907495065)
((0.5, 0.1, 1e-07, 1000), 0.03647380336626956)
((0.5, 0.1, 1e-06, 1000), 0.04660878024844958)
((0.5, 0.1, 1e-05, 1000), 0.04823921686171857)
((0.5, 0.1, 0.0001, 1000), 0.04972052513138991)
((0.5, 0.1, 0.01, 1000), 0.050925868828984)
((0.5, 0.2, 1e-09, 1000), 0.05822244230807786)
((0.5, 0.1, 0.001, 1000), 0.0488160689626464)
((0.5, 0.2, 1e-10, 1000), 5897421077729718.0)
((0.5, 0.2, 1e-06, 1000), 0.041547870443124926)
((0.5, 0.2, 1e-14, 1000), 1.1898765280926904e+25)
((0.5, 0.2, 1e-15, 1000), 1.2297199672501989e+27)
((0.5, 0.1, 0.1, 1000), 0.05097504139958472)
((0.5, 0.2, 1e-08, 1000), 0.0400119250021404)
((0.5, 0.2, 1e-12, 1000), 0.05988961851802219)
((0.5, 0.2, 1e-11, 1000), 5.978598907798808e+18)
((0.5, 0.2, 1e-13, 1000), 0.07892680792069735)
((0.5, 0.2, 0.001, 1000), 0.04865997016287772)
((0.5, 0.2, 1e-07, 1000), 0.05044833124650263)
((0.5, 0.3, 1e-15, 1000), 1.458435390007826e+28)
((0.5, 0.2, 1e-05, 1000), 0.059902051666543166)
((0.5, 0.3, 0.001, 1000), 0.048056500467787054)
((0.5, 0.2, 0.0001, 1000), 0.046978762684637576)
((0.5, 0.3, 1e-05, 1000), 0.057092457837802)
((0.5, 0.2, 0.1, 1000), 0.05127887897228817)
((0.5, 0.3, 1e-08, 1000), 6849905205918.101)
((0.5, 0.3, 1e-10, 1000), 7580553527231299.0)
((0.5, 0.3, 1e-14, 1000), 1.1773154885581462e+24)
((0.5, 0.2, 0.01, 1000), 0.050391900309922764)
((0.5, 0.3, 1e-11, 1000), 0.08229264424135226)
((0.5, 0.3, 1e-09, 1000), 962570873338815.8)
((0.5, 0.3, 1e-13, 1000), 6.589347168107518e+18)
((0.5, 0.3, 0.0001, 1000), 0.05958230743331361)
((0.5, 0.3, 1e-12, 1000), 0.09708072341438677)
((0.5, 0.3, 1e-07, 1000), 234885995.96218276)
((0.5, 0.3, 1e-06, 1000), 0.04217127676391248)
((0.5, 0.4, 1e-09, 1000), 1964006426970621.2)
((0.5, 0.3, 0.01, 1000), 0.050419792711130895)
((0.5, 0.3, 0.1, 1000), 0.051159971937597706)
((0.5, 0.4, 1e-10, 1000), 60126433752705.914)
((0.5, 0.4, 1e-15, 1000), 2.100973106398014e+26)
((0.5, 0.4, 1e-12, 1000), 5.179047246252996e+16)
((0.5, 0.4, 1e-11, 1000), 1.1558462318739878e+18)
((0.5, 0.4, 1e-14, 1000), 2.031636131252647e+25)
((0.5, 0.4, 1e-13, 1000), 5.277045100570198e+21)
((0.5, 0.4, 1e-07, 1000), 17865866.4473956)
((0.5, 0.4, 1e-08, 1000), 132555342491430.28)
((0.5, 0.4, 0.0001, 1000), 0.06283946944421695)
((0.5, 0.4, 1e-05, 1000), 0.053449026775865584)
((0.5, 0.4, 1e-06, 1000), 83180485760.52698)
((0.5, 0.4, 0.001, 1000), 0.04885782011220645)
((0.5, 0.4, 0.01, 1000), 0.05057168449827598)
((0.5, 0.4, 0.1, 1000), 0.05115534269353154)
((0.5, 0.5, 1e-15, 1000), 9.95630976710493e+25)
((0.5, 0.5, 1e-14, 1000), 1.4836743106291647e+26)
((0.5, 0.5, 1e-12, 1000), 0.06177579548439618)
((0.5, 0.5, 1e-11, 1000), 1381093861635.974)
((0.5, 0.5, 1e-13, 1000), 2.552552021131542e+20)
((0.5, 0.5, 1e-09, 1000), 255296701577191.25)
((0.5, 0.5, 0.001, 1000), 0.04992670319957856)
((0.5, 0.5, 1e-06, 1000), 7183178313143.928)
((0.5, 0.5, 1e-07, 1000), 3542264385849.296)
((0.5, 0.5, 1e-10, 1000), 5.747793735454244e+16)
((0.5, 0.5, 1e-05, 1000), 0.0574615915607233)
((0.5, 0.5, 0.0001, 1000), 0.05998593589472214)
((0.5, 0.5, 0.01, 1000), 0.05136888799216323)
((0.5, 0.6, 1e-10, 1000), 3849291825956168.0)
((0.5, 0.5, 1e-08, 1000), 1127254934466853.2)
((0.5, 0.5, 0.1, 1000), 0.051348776003644)
((0.5, 0.6, 1e-15, 1000), 4.1029568880474826e+23)
((0.5, 0.6, 1e-13, 1000), 3.70858476399913e+20)
((0.5, 0.6, 1e-07, 1000), 1227389114878.1924)
((0.5, 0.6, 1e-14, 1000), 5.624348162780968e+22)
((0.5, 0.6, 1e-05, 1000), 1454999770.5256271)
((0.5, 0.6, 1e-06, 1000), 410583084787.8224)
((0.5, 0.7, 1e-15, 1000), 2.0632537840928134e+25)
((0.5, 0.6, 1e-12, 1000), 2.8100266697218615e+20)
((0.5, 0.6, 0.01, 1000), 0.05319365600193595)
((0.5, 0.6, 1e-09, 1000), 450841893736045.1)
((0.5, 0.6, 0.0001, 1000), 0.05200053192591009)
((0.5, 0.6, 0.001, 1000), 0.0504894725753573)
((0.5, 0.6, 1e-08, 1000), 7359638369060.427)
((0.5, 0.7, 1e-14, 1000), 2.7491654324409162e+28)
((0.5, 0.6, 1e-11, 1000), 2.2039645518102624e+16)
((0.5, 0.7, 1e-09, 1000), 3666573274787406.5)
((0.5, 0.7, 1e-06, 1000), 276761465996.51385)
((0.5, 0.6, 0.1, 1000), 0.05146030258586069)
((0.5, 0.7, 1e-11, 1000), 1.8943965854110534e+17)
((0.5, 0.7, 1e-10, 1000), 15647548113228.348)
((0.5, 0.7, 1e-08, 1000), 14271351979958.322)
((0.5, 0.7, 1e-12, 1000), 1.8550624391554616e+18)
((0.5, 0.7, 1e-13, 1000), 1.1677394760143179e+20)
((0.5, 0.7, 1e-05, 1000), 0.07331855042741828)
((0.5, 0.7, 0.01, 1000), 0.05537272763901936)
((0.5, 0.7, 0.001, 1000), 0.05158646167497598)
((0.5, 0.7, 1e-07, 1000), 4064487216145.19)
((0.5, 0.7, 0.1, 1000), 0.05144606133010039)
((0.5, 0.8, 1e-14, 1000), 2.175927017362401e+25)
((0.5, 0.7, 0.0001, 1000), 0.04699641142701049)
((0.5, 0.8, 1e-15, 1000), 3.060837345457289e+28)
((0.5, 0.8, 1e-13, 1000), 5.63736675938007e+19)
((0.5, 0.8, 1e-12, 1000), 1.221552316975695e+18)
((0.5, 0.8, 1e-11, 1000), 1.6728636588437248e+19)
((0.5, 0.8, 1e-10, 1000), 1.9387633036347306e+17)
((0.5, 0.8, 1e-09, 1000), 2863574230767530.0)
((0.5, 0.9, 1e-14, 1000), 5.9064314826295795e+26)
((0.5, 0.8, 1e-07, 1000), 300511476783.754)
((0.5, 0.8, 1e-08, 1000), 34601897642153.96)
((0.5, 0.8, 1e-06, 1000), 9145621836.945236)
((0.5, 0.8, 0.01, 1000), 0.056596288038984977)
((0.5, 0.8, 0.0001, 1000), 0.0482304541668296)
((0.5, 0.8, 1e-05, 1000), 0.06612797361996739)
((0.5, 0.8, 0.1, 1000), 0.05152319691255791)
((0.5, 0.8, 0.001, 1000), 0.05409155011148585)
((0.5, 0.9, 1e-09, 1000), 1355150646504678.0)
((0.5, 0.9, 1e-15, 1000), 1.0925614414002243e+25)
((0.5, 0.9, 0.001, 1000), 0.058631823273262294)
((0.5, 0.9, 1e-05, 1000), 828322818.2917534)
((0.5, 0.9, 1e-13, 1000), 8.961416202899957e+20)
((0.5, 0.9, 1e-08, 1000), 3487907165043.3003)
((0.5, 0.9, 1e-11, 1000), 3.940999488228738e+17)
((0.5, 0.9, 1e-06, 1000), 17671138848.720924)
((0.5, 0.9, 1e-12, 1000), 5.398023040207845e+20)
((0.5, 0.9, 1e-07, 1000), 456383071462.71356)
((0.5, 0.9, 1e-10, 1000), 8.217319995449794e+16)
((0.6, 0.1, 1e-15, 1000), 2.2472984688653266e+26)
((0.5, 0.9, 0.0001, 1000), 0.05309511077194697)
((0.6, 0.1, 1e-08, 1000), 0.03906351331352832)
((0.5, 0.9, 0.01, 1000), 0.0538994280780977)
((0.6, 0.1, 1e-07, 1000), 0.03389657248856274)
((0.6, 0.1, 1e-12, 1000), 0.032499671804893736)
((0.6, 0.1, 1e-10, 1000), 0.02660457799540904)
((0.6, 0.1, 0.1, 1000), 0.05111582627838056)
((0.6, 0.1, 1e-13, 1000), 7.560524325923891e+21)
((0.6, 0.1, 1e-11, 1000), 0.06322230533202572)
((0.5, 0.9, 0.1, 1000), 0.051617087348625815)
((0.6, 0.1, 1e-06, 1000), 0.026976616394570475)
((0.6, 0.1, 1e-14, 1000), 3.300687679311007e+25)
((0.6, 0.1, 0.0001, 1000), 0.04859637809666047)
((0.6, 0.1, 0.001, 1000), 0.048854130054568276)
((0.6, 0.1, 1e-09, 1000), 0.022324085553671442)
((0.6, 0.2, 1e-13, 1000), 1.807852019308892e+20)
((0.6, 0.2, 1e-12, 1000), 0.02230791493999274)
((0.6, 0.1, 1e-05, 1000), 0.043677083103598614)
((0.6, 0.2, 1e-15, 1000), 1.3839049539841081e+28)
((0.6, 0.2, 1e-10, 1000), 0.045869582031833556)
((0.6, 0.2, 1e-14, 1000), 3.022080632929923e+28)
((0.6, 0.1, 0.01, 1000), 0.04948128683839244)
((0.6, 0.2, 1e-07, 1000), 0.027900601966017922)
((0.6, 0.2, 1e-11, 1000), 1.539776219585312e+16)
((0.6, 0.2, 1e-09, 1000), 0.06312153826553593)
((0.6, 0.2, 1e-08, 1000), 0.039211260554640984)
((0.6, 0.2, 1e-06, 1000), 0.06139077618955115)
((0.6, 0.2, 1e-05, 1000), 0.029785899848432933)
((0.6, 0.3, 1e-12, 1000), 0.042259419707020275)
((0.6, 0.3, 1e-14, 1000), 4.185087787082658e+23)
((0.6, 0.3, 1e-13, 1000), 5.493924763190952e+20)
((0.6, 0.3, 1e-11, 1000), 0.017609050373718328)
((0.6, 0.2, 0.01, 1000), 0.049117152240261204)
((0.6, 0.2, 0.1, 1000), 0.050659496288295046)
((0.6, 0.2, 0.001, 1000), 0.04731842273629133)
((0.6, 0.2, 0.0001, 1000), 0.05214831096474578)
((0.6, 0.3, 1e-08, 1000), 0.06134747356993385)
((0.6, 0.3, 1e-15, 1000), 8.460012163209155e+25)
((0.6, 0.3, 1e-09, 1000), 0.05729677796891606)
((0.6, 0.3, 1e-10, 1000), 0.04508460815878186)
((0.6, 0.4, 1e-15, 1000), 4.254784802630406e+23)
((0.6, 0.3, 0.01, 1000), 0.04864584348985238)
((0.6, 0.3, 1e-06, 1000), 13823582021912.998)
((0.6, 0.3, 1e-07, 1000), 0.03234381969685506)
((0.6, 0.3, 1e-05, 1000), 0.03625405855558335)
((0.6, 0.4, 1e-14, 1000), 9.751015635047905e+23)
((0.6, 0.3, 0.0001, 1000), 0.05213527359087119)
((0.6, 0.4, 1e-11, 1000), 0.007845062404472402)
((0.6, 0.4, 0.0001, 1000), 0.05143005938395641)
((0.6, 0.4, 1e-13, 1000), 3.3481335596063606e+22)
((0.6, 0.3, 0.1, 1000), 0.050604601936097594)
((0.6, 0.3, 0.001, 1000), 0.04904773757323793)
((0.6, 0.4, 1e-12, 1000), 0.048362963437803545)
((0.6, 0.4, 1e-08, 1000), 0.07910849809732466)
((0.6, 0.4, 1e-10, 1000), 0.051769458801723525)
((0.6, 0.4, 0.001, 1000), 0.05232858458666349)
((0.6, 0.4, 1e-07, 1000), 1129967959808.883)
((0.6, 0.4, 1e-06, 1000), 100839334071.59946)
((0.6, 0.4, 1e-05, 1000), 98576343.52051704)
((0.6, 0.4, 0.1, 1000), 0.05100764899631018)
((0.6, 0.5, 1e-14, 1000), 4.851830491283191e+27)
((0.6, 0.4, 1e-09, 1000), 0.07340167407235118)
((0.6, 0.4, 0.01, 1000), 0.048531946258168125)
((0.6, 0.5, 1e-13, 1000), 0.06696325940326599)
((0.6, 0.5, 0.001, 1000), 0.04938391427606108)
((0.6, 0.5, 1e-15, 1000), 2.4708941740637834e+23)
((0.6, 0.5, 1e-07, 1000), 3609004491400.025)
((0.6, 0.5, 1e-08, 1000), 0.0433026797247929)
((0.6, 0.5, 1e-11, 1000), 0.007103633608652804)
((0.6, 0.5, 1e-06, 1000), 117217977040.75894)
((0.6, 0.5, 1e-10, 1000), 0.061195461864934256)
((0.6, 0.5, 1e-09, 1000), 0.06682148555936378)
((0.6, 0.5, 1e-12, 1000), 0.08035860326054381)
((0.6, 0.5, 1e-05, 1000), 2522097759.184052)
((0.6, 0.5, 0.0001, 1000), 0.0540740347033707)
((0.6, 0.5, 0.01, 1000), 0.04944851367421656)
((0.6, 0.5, 0.1, 1000), 0.051459552265789264)
((0.6, 0.6, 1e-12, 1000), 0.07284703911293178)
((0.6, 0.6, 1e-11, 1000), 0.017918436118109737)
((0.6, 0.6, 1e-14, 1000), 3.722487309648851e+23)
((0.6, 0.6, 1e-15, 1000), 7.061880856468018e+24)
((0.6, 0.6, 1e-13, 1000), 1.941244803958741e+20)
((0.6, 0.6, 1e-08, 1000), 26730961349161.6)
((0.6, 0.6, 1e-10, 1000), 4495175582556.019)
((0.6, 0.6, 1e-06, 1000), 20846214002.056896)
((0.6, 0.7, 1e-12, 1000), 2.4620829465210163e+21)
((0.6, 0.6, 1e-05, 1000), 4087482340.8188124)
((0.6, 0.6, 1e-09, 1000), 4699341780491.443)
((0.6, 0.7, 1e-07, 1000), 522398284681286.7)
((0.6, 0.6, 1e-07, 1000), 3395759111452.9326)
((0.6, 0.7, 1e-14, 1000), 8.335409686427468e+26)
((0.6, 0.6, 0.01, 1000), 0.051361576720019196)
((0.6, 0.7, 1e-13, 1000), 4.269019503649816e+17)
((0.6, 0.7, 1e-09, 1000), 631338943785922.9)
((0.6, 0.6, 0.001, 1000), 0.046581680466307465)
((0.6, 0.6, 0.0001, 1000), 0.061014482311644726)
((0.6, 0.6, 0.1, 1000), 0.05181870290749924)
((0.6, 0.7, 1e-10, 1000), 8927740882477198.0)
((0.6, 0.7, 0.1, 1000), 0.05184664073675564)
((0.6, 0.7, 1e-15, 1000), 2.4109344859317824e+27)
((0.6, 0.7, 1e-05, 1000), 447654551.79086894)
((0.6, 0.8, 1e-13, 1000), 2.0488258898601214e+19)
((0.6, 0.8, 1e-15, 1000), 3.9427240662305025e+24)
((0.6, 0.7, 1e-11, 1000), 5.1087081194192856e+16)
((0.6, 0.8, 1e-09, 1000), 1.157977806827406e+16)
((0.6, 0.7, 0.0001, 1000), 0.06260545283735919)
((0.6, 0.7, 1e-06, 1000), 1248139531987.1626)
((0.6, 0.7, 0.01, 1000), 0.05380048684427421)
((0.6, 0.9, 1e-13, 1000), 3.7127880814792545e+21)
((0.6, 0.8, 1e-14, 1000), 2.734728232099283e+25)
((0.6, 0.7, 1e-08, 1000), 20188235712731.008)
((0.6, 0.8, 0.01, 1000), 0.05663612855677793)
((0.6, 0.8, 1e-10, 1000), 2.9491457033508704e+17)
((0.6, 0.8, 1e-12, 1000), 4.4824843741015424e+18)
((0.6, 0.8, 0.1, 1000), 0.051497358105901704)
((0.6, 0.8, 1e-05, 1000), 839066662.4147828)
((0.6, 0.7, 0.001, 1000), 0.04795590015352386)
((0.6, 0.8, 0.001, 1000), 0.050937773537550024)
((0.6, 0.8, 0.0001, 1000), 0.049811189087349286)
((0.6, 0.8, 1e-11, 1000), 5.315521072144911e+18)
((0.6, 0.8, 1e-07, 1000), 1925749316839.4348)
((0.6, 0.8, 1e-08, 1000), 460964104654050.6)
((0.6, 0.8, 1e-06, 1000), 102285018311.05296)
((0.6, 0.9, 1e-14, 1000), 6.595489245640029e+27)
((0.6, 0.9, 1e-15, 1000), 1.651420354998532e+25)
((0.6, 0.9, 1e-12, 1000), 1.5793810628983232e+18)
((0.6, 0.9, 1e-11, 1000), 3.180370849808893e+22)
((0.6, 0.9, 1e-08, 1000), 15281190306333.23)
((0.6, 0.9, 0.01, 1000), 0.05650228735351328)
((0.6, 0.9, 1e-10, 1000), 4.031601352269024e+16)
((0.6, 0.9, 1e-09, 1000), 1.7165912101709472e+17)
((0.6, 0.9, 1e-06, 1000), 14775540545.998667)
((0.6, 0.9, 1e-07, 1000), 3405127716.916113)
((0.7, 0.1, 1e-09, 1000), 0.037776619663256496)
((0.6, 0.9, 1e-05, 1000), 171996580.9943446)
((0.7, 0.1, 1e-12, 1000), 1288057892146.0244)
((0.7, 0.1, 1e-13, 1000), 1.8231824712780117e+20)
((0.6, 0.9, 0.1, 1000), 0.051597219738323)
((0.6, 0.9, 0.001, 1000), 0.05652714200885541)
((0.7, 0.1, 1e-14, 1000), 1.0323722969456754e+26)
((0.7, 0.1, 0.1, 1000), 0.05032433424763681)
((0.7, 0.1, 1e-15, 1000), 1.6575388542117089e+25)
((0.6, 0.9, 0.0001, 1000), 0.05091719633107267)
((0.7, 0.1, 1e-05, 1000), 0.03114204610134052)
((0.7, 0.1, 1e-11, 1000), 0.021692969067841912)
((0.7, 0.1, 1e-10, 1000), 0.03363049436788591)
((0.7, 0.2, 1e-12, 1000), 0.016318025341949604)
((0.7, 0.1, 0.0001, 1000), 0.03848835626060894)
((0.7, 0.1, 1e-07, 1000), 0.03725324583815741)
((0.7, 0.3, 1e-13, 1000), 0.08967030673253382)
((0.7, 0.1, 1e-08, 1000), 0.03291605698958529)
((0.7, 0.1, 1e-06, 1000), 0.039036589136907926)
((0.7, 0.2, 1e-05, 1000), 0.04796928092455158)
((0.7, 0.1, 0.001, 1000), 0.04822119720894224)
((0.7, 0.1, 0.01, 1000), 0.0479438089080889)
((0.7, 0.2, 1e-09, 1000), 0.038837852417532445)
((0.7, 0.2, 1e-11, 1000), 0.004113842695235766)
((0.7, 0.2, 1e-06, 1000), 0.03798264703919992)
((0.7, 0.2, 1e-13, 1000), 10565489029559.176)
((0.7, 0.2, 1e-10, 1000), 0.018041643128748435)
((0.7, 0.2, 1e-15, 1000), 3.907691071169791e+22)
((0.7, 0.2, 0.001, 1000), 0.046010915184692275)
((0.7, 0.2, 1e-14, 1000), 1.7900786255323026e+29)
((0.7, 0.2, 0.01, 1000), 0.04774987230881807)
((0.7, 0.3, 1e-15, 1000), 1.3243515108738167e+30)
((0.7, 0.2, 1e-07, 1000), 0.024540342522823687)
((0.7, 0.2, 1e-08, 1000), 0.041358870523887446)
((0.7, 0.3, 1e-11, 1000), 0.0016260670008323781)
((0.7, 0.3, 1e-09, 1000), 0.02343441494343993)
((0.7, 0.2, 0.1, 1000), 0.04928281220830632)
((0.7, 0.3, 1e-14, 1000), 6.26794170369313e+25)
((0.7, 0.3, 1e-12, 1000), 0.016727006280136465)
((0.7, 0.2, 0.0001, 1000), 0.029523811275671573)
((0.7, 0.3, 1e-10, 1000), 0.003847008837819972)
((0.7, 0.3, 1e-07, 1000), 0.04535615696890825)
((0.7, 0.3, 1e-08, 1000), 0.04610326653241487)
((0.7, 0.3, 1e-06, 1000), 0.04491596364260829)
((0.7, 0.3, 1e-05, 1000), 0.04018958395960053)
((0.7, 0.3, 0.0001, 1000), 0.05943354349874722)
((0.7, 0.3, 0.1, 1000), 0.0494066954213033)
((0.7, 0.3, 0.001, 1000), 0.045389198452736715)
((0.7, 0.4, 1e-15, 1000), 7.092999977851024e+24)
((0.7, 0.4, 1e-13, 1000), 5.705511249918434e+20)
((0.7, 0.4, 1e-11, 1000), 0.0026048042987654087)
((0.7, 0.3, 0.01, 1000), 0.04608085973919887)
((0.7, 0.4, 1e-14, 1000), 1.4041229242563616e+24)
((0.7, 0.4, 1e-08, 1000), 0.046793826895232274)
((0.7, 0.4, 1e-06, 1000), 0.04997889974872847)
((0.7, 0.4, 1e-12, 1000), 9940531622.283463)
((0.7, 0.4, 1e-10, 1000), 0.0010493574315151258)
((0.7, 0.4, 1e-09, 1000), 0.012954447255725487)
((0.7, 0.4, 1e-07, 1000), 0.04886271488048878)
((0.7, 0.5, 1e-15, 1000), 1.650918281160305e+24)
((0.7, 0.4, 0.01, 1000), 0.0472203782970996)
((0.7, 0.4, 0.1, 1000), 0.049504612479850336)
((0.7, 0.5, 1e-12, 1000), 0.018655506210183907)
((0.7, 0.4, 0.001, 1000), 0.047655984893298926)
((0.7, 0.4, 1e-05, 1000), 0.06983321668433702)
((0.7, 0.5, 1e-14, 1000), 7.50618682274863e+23)
((0.7, 0.4, 0.0001, 1000), 19085211.55009161)
((0.7, 0.5, 1e-11, 1000), 0.009961937170024956)
((0.7, 0.5, 1e-10, 1000), 0.0009660895833843218)
((0.7, 0.5, 1e-06, 1000), 0.05037595589398734)
((0.7, 0.5, 1e-13, 1000), 4.833863309952208e+18)
((0.7, 0.5, 1e-08, 1000), 0.05216369407696728)
((0.7, 0.5, 1e-05, 1000), 8637482717.8533)
((0.7, 0.5, 0.0001, 1000), 50482046.47870786)
((0.7, 0.5, 1e-09, 1000), 0.01404063753070369)
((0.7, 0.6, 1e-14, 1000), 8.792215492540663e+23)
((0.7, 0.5, 1e-07, 1000), 0.04603117782037091)
((0.7, 0.5, 0.001, 1000), 0.0510668685278438)
((0.7, 0.6, 1e-06, 1000), 11380515157.620745)
((0.7, 0.6, 1e-13, 1000), 5.901743328086391e+21)
((0.7, 0.6, 1e-11, 1000), 0.014922668545089068)
((0.7, 0.6, 1e-08, 1000), 0.05286819929273873)
((0.7, 0.6, 1e-15, 1000), 7.459444847355745e+23)
((0.7, 0.6, 1e-07, 1000), 0.06381583939724515)
((0.7, 0.5, 0.1, 1000), 0.05007479917683862)
((0.7, 0.5, 0.01, 1000), 0.046547832846299625)
((0.7, 0.6, 1e-09, 1000), 0.025838697356076516)
((0.7, 0.6, 0.0001, 1000), 49195719.90998353)
((0.7, 0.6, 1e-12, 1000), 0.04480942388449279)
((0.7, 0.6, 1e-10, 1000), 0.002250641877463148)
((0.7, 0.6, 1e-05, 1000), 1279174736.2486296)
((0.7, 0.6, 0.01, 1000), 0.04699852341072671)
((0.7, 0.6, 0.001, 1000), 0.05457948683248246)
((0.7, 0.6, 0.1, 1000), 0.05146709171091056)
((0.7, 0.7, 1e-13, 1000), 2406226005099002.0)
((0.7, 0.7, 1e-15, 1000), 2.52103003936341e+25)
((0.7, 0.7, 1e-14, 1000), 2.120641953896977e+24)
((0.7, 0.7, 1e-12, 1000), 6.241490827904985e+18)
((0.7, 0.7, 1e-08, 1000), 6960572996010.214)
((0.7, 0.7, 1e-11, 1000), 0.018981624389021186)
((0.7, 0.7, 1e-09, 1000), 1931859117910307.2)
((0.7, 0.7, 0.001, 1000), 0.05001656429395459)
((0.7, 0.7, 1e-10, 1000), 96840431993692.72)
((0.7, 0.7, 1e-07, 1000), 872360299767.1849)
((0.7, 0.7, 1e-05, 1000), 564213573.6901381)
((0.7, 0.7, 0.0001, 1000), 8926091.705668975)
((0.7, 0.8, 1e-12, 1000), 4.648070846401558e+17)
((0.7, 0.8, 1e-14, 1000), 4.7893503001209276e+24)
((0.7, 0.8, 1e-13, 1000), 6.300792216752253e+18)
((0.7, 0.7, 0.01, 1000), 0.04980981291134698)
((0.7, 0.8, 1e-15, 1000), 2.2338829761486038e+24)
((0.7, 0.7, 0.1, 1000), 0.053159566608715215)
((0.7, 0.8, 1e-10, 1000), 6228425230630818.0)
((0.7, 0.7, 1e-06, 1000), 30079989550.667297)
((0.7, 0.8, 0.01, 1000), 0.05419735750922346)
((0.7, 0.8, 1e-11, 1000), 3.469353680866979e+16)
((0.7, 0.9, 1e-14, 1000), 2.8905779507707765e+24)
((0.7, 0.8, 1e-08, 1000), 34059774767713.55)
((0.7, 0.9, 1e-08, 1000), 215424015351403.44)
((0.7, 0.8, 1e-09, 1000), 1012970021748175.6)
((0.7, 0.8, 1e-05, 1000), 331259564.9178022)
((0.7, 0.8, 0.001, 1000), 0.04771298629996714)
((0.7, 0.8, 0.1, 1000), 0.05289443691138209)
((0.7, 0.8, 1e-07, 1000), 2902463142099.028)
((0.7, 0.9, 1e-15, 1000), 1.3868411461914031e+25)
((0.7, 0.8, 0.0001, 1000), 0.06303481647995689)
((0.7, 0.8, 1e-06, 1000), 156046821051.27017)
((0.7, 0.9, 0.001, 1000), 0.05376380009207756)
((0.7, 0.9, 1e-10, 1000), 2.3652519358464163e+17)
((0.7, 0.9, 1e-13, 1000), 1.4506615789811574e+25)
((0.7, 0.9, 1e-11, 1000), 1.2419505835837235e+20)
((0.7, 0.9, 1e-07, 1000), 642604310759.802)
((0.7, 0.9, 0.01, 1000), 0.05839092700315024)
((0.7, 0.9, 1e-09, 1000), 3.719722013545701e+16)
((0.7, 0.9, 0.0001, 1000), 0.04689950209103354)
((0.7, 0.9, 1e-06, 1000), 249809869402.65387)
((0.7, 0.9, 1e-12, 1000), 2.340717089913648e+19)
((0.7, 0.9, 0.1, 1000), 0.051489733436984965)
((0.8, 0.1, 1e-15, 1000), 2.8145426461726953e+25)
((0.7, 0.9, 1e-05, 1000), 7453868509.884392)
((0.8, 0.1, 1e-14, 1000), 4.0444430107533775e+24)
((0.8, 0.1, 1e-13, 1000), 1.1583075925219732e+21)
((0.8, 0.1, 1e-12, 1000), 3.915385644261257e+19)
((0.8, 0.1, 1e-11, 1000), 3.5615495505002696e+18)
((0.8, 0.1, 1e-10, 1000), 43486169330.216286)
((0.8, 0.1, 1e-08, 1000), 0.01826923552367169)
((0.8, 0.1, 1e-09, 1000), 0.014641426983541771)
((0.8, 0.1, 1e-07, 1000), 0.029526363038294083)
((0.8, 0.1, 1e-06, 1000), 0.03954833199778674)
((0.8, 0.1, 1e-05, 1000), 0.045382528556267746)
((0.8, 0.1, 0.0001, 1000), 0.04285713649049192)
((0.8, 0.1, 0.1, 1000), 0.04763893478739274)
((0.8, 0.1, 0.001, 1000), 0.03314487206411717)
((0.8, 0.2, 1e-14, 1000), 5.8481204727289406e+23)
((0.8, 0.2, 1e-15, 1000), 2.077234095424579e+24)
((0.8, 0.1, 0.01, 1000), 0.04600077925557565)
((0.8, 0.2, 1e-08, 1000), 0.014150084002784252)
((0.8, 0.2, 1e-07, 1000), 0.03255200386181979)
((0.8, 0.2, 1e-05, 1000), 0.03605518905772722)
((0.8, 0.2, 1e-12, 1000), 0.004571506493560104)
((0.8, 0.2, 0.001, 1000), 0.0434973614314514)
((0.8, 0.2, 1e-13, 1000), 5.374652129533615e+18)
((0.8, 0.2, 1e-11, 1000), 0.0038738565856035814)
((0.8, 0.2, 1e-06, 1000), 0.030058760211674244)
((0.8, 0.2, 0.0001, 1000), 0.04058193148709318)
((0.8, 0.2, 1e-10, 1000), 0.004914934279971402)
((0.8, 0.2, 1e-09, 1000), 0.00025049526673129373)
((0.8, 0.3, 1e-13, 1000), 4.349852629565096e+19)
((0.8, 0.3, 1e-12, 1000), 0.029781617322631494)
((0.8, 0.3, 1e-15, 1000), 3.446335954962164e+24)
((0.8, 0.2, 0.01, 1000), 0.03769788239076655)
((0.8, 0.2, 0.1, 1000), 0.04701631706683161)
((0.8, 0.3, 1e-14, 1000), 2.72694644210579e+24)
((0.8, 0.3, 1e-08, 1000), 0.004066186424249175)
((0.8, 0.3, 1e-09, 1000), 0.0006865964566948638)
((0.8, 0.3, 1e-11, 1000), 0.0020359376286439882)
((0.8, 0.3, 1e-10, 1000), 0.001037084826676944)
((0.8, 0.3, 1e-06, 1000), 0.037078688088942754)
((0.8, 0.4, 1e-10, 1000), 1.5417392871070066e-05)
((0.8, 0.3, 1e-05, 1000), 0.028319896129895633)
((0.8, 0.4, 1e-09, 1000), 0.00022068129129872708)
((0.8, 0.3, 0.1, 1000), 0.0454324811167656)
((0.8, 0.4, 1e-14, 1000), 2.1029500762053435e+26)
((0.8, 0.3, 0.0001, 1000), 0.04392348119046365)
((0.8, 0.4, 1e-08, 1000), 0.0019446762048477568)
((0.8, 0.3, 1e-07, 1000), 0.022818191448272303)
((0.8, 0.3, 0.001, 1000), 0.05641159753225612)
((0.8, 0.4, 1e-13, 1000), 1.5275208121564254e+19)
((0.8, 0.4, 1e-15, 1000), 1.8109929611701517e+23)
((0.8, 0.3, 0.01, 1000), 0.028648180868680827)
((0.8, 0.4, 1e-12, 1000), 0.05070045439883407)
((0.8, 0.4, 1e-07, 1000), 0.01625568384296081)
((0.8, 0.4, 1e-11, 1000), 0.011496611264203992)
((0.8, 0.4, 1e-06, 1000), 0.03920201763822705)
((0.8, 0.4, 0.0001, 1000), 0.06110734456095539)
((0.8, 0.4, 1e-05, 1000), 0.03788164121364238)
((0.8, 0.5, 1e-15, 1000), 1.8225221672215598e+24)
((0.8, 0.4, 0.001, 1000), 0.06236029192375784)
((0.8, 0.4, 0.01, 1000), 0.03711732614133989)
((0.8, 0.5, 0.0001, 1000), 0.061757730179377066)
((0.8, 0.5, 1e-14, 1000), 8.961596051781028e+23)
((0.8, 0.5, 1e-11, 1000), 0.0032892965128127672)
((0.8, 0.5, 1e-12, 1000), 787653808144200.5)
((0.8, 0.5, 1e-10, 1000), 0.0002834138737061628)
((0.8, 0.4, 0.1, 1000), 0.04583388792180743)
((0.8, 0.5, 1e-13, 1000), 6.7536864734037e+19)
((0.8, 0.5, 1e-05, 1000), 0.04842123873893772)
((0.8, 0.5, 1e-08, 1000), 0.002528472586217641)
((0.8, 0.5, 0.001, 1000), 1540234900.438013)
((0.8, 0.5, 1e-07, 1000), 0.018293313732059058)
((0.8, 0.5, 1e-06, 1000), 0.04309778635084224)
((0.8, 0.6, 1e-12, 1000), 0.028180508854264964)
((0.8, 0.5, 1e-09, 1000), 7.210581637702748e-05)
((0.8, 0.5, 0.1, 1000), 0.04626284843428739)
((0.8, 0.6, 1e-14, 1000), 5.758249907147779e+22)
((0.8, 0.5, 0.01, 1000), 0.04718278569533866)
((0.8, 0.6, 1e-15, 1000), 5.100051749207876e+25)
((0.8, 0.6, 1e-09, 1000), 0.0006339686309057865)
((0.8, 0.6, 1e-13, 1000), 4.63845630182091e+19)
((0.8, 0.7, 1e-14, 1000), 2.4797642247854285e+22)
((0.8, 0.6, 1e-07, 1000), 0.036294254141099325)
((0.8, 0.6, 1e-11, 1000), 0.002856821526008508)
((0.8, 0.6, 1e-10, 1000), 0.001390077611251485)
((0.8, 0.6, 1e-08, 1000), 0.012008650482656104)
((0.8, 0.6, 0.001, 1000), 1874139399.530147)
((0.8, 0.7, 1e-12, 1000), 8955735792515979.0)
((0.8, 0.7, 1e-13, 1000), 2.343738216889784e+19)
((0.8, 0.6, 1e-05, 1000), 0.07293210880166344)
((0.8, 0.6, 1e-06, 1000), 0.040972604882562505)
((0.8, 0.6, 0.0001, 1000), 26085604.754276417)
((0.8, 0.7, 1e-15, 1000), 1.1170647638329353e+27)
((0.8, 0.6, 0.01, 1000), 0.04900068928758335)
((0.8, 0.7, 1e-11, 1000), 0.010458006058195326)
((0.8, 0.7, 1e-08, 1000), 0.013298855228792605)
((0.8, 0.6, 0.1, 1000), 0.047781763396027147)
((0.8, 0.7, 1e-10, 1000), 0.0013515254198759102)
((0.8, 0.7, 0.0001, 1000), 22712583.862009536)
((0.8, 0.7, 1e-09, 1000), 0.006780619629414021)
((0.8, 0.7, 1e-06, 1000), 0.07634929523739317)
((0.8, 0.7, 1e-05, 1000), 52034711472.06455)
((0.8, 0.7, 0.01, 1000), 0.04660643786857905)
((0.8, 0.7, 1e-07, 1000), 0.03287647137090232)
((0.8, 0.7, 0.001, 1000), 38853.680114324685)
((0.8, 0.7, 0.1, 1000), 0.051668541155492576)
((0.8, 0.8, 1e-15, 1000), 1.813839907740004e+24)
((0.8, 0.8, 1e-14, 1000), 5.701173045062908e+23)
((0.8, 0.8, 1e-13, 1000), 8.937650495644391e+21)
((0.8, 0.8, 1e-12, 1000), 6.761778578455824e+18)
((0.8, 0.8, 1e-11, 1000), 0.013024605459308891)
((0.8, 0.8, 1e-10, 1000), 0.017629908644322734)
((0.8, 0.8, 1e-09, 1000), 2854543106306762.0)
((0.8, 0.8, 1e-08, 1000), 121302853072219.83)
((0.8, 0.8, 1e-05, 1000), 1054904210.649107)
((0.8, 0.8, 1e-07, 1000), 1840829697375.7202)
((0.8, 0.8, 1e-06, 1000), 578007910995.9875)
((0.8, 0.8, 0.001, 1000), 0.049933105086485734)
((0.8, 0.8, 0.1, 1000), 0.055011364916446634)
((0.8, 0.8, 0.01, 1000), 0.050434251737494475)
((0.8, 0.8, 0.0001, 1000), 104324155.75253698)
((0.8, 0.9, 1e-14, 1000), 1.1314619638626331e+22)
((0.8, 0.9, 1e-15, 1000), 8.325249388542728e+22)
((0.8, 0.9, 1e-10, 1000), 5.951203874705201e+16)
((0.8, 0.9, 1e-05, 1000), 378015417.3368661)
((0.8, 0.9, 1e-12, 1000), 7.288046445460744e+18)
((0.8, 0.9, 1e-13, 1000), 6.795412080207488e+22)
((0.8, 0.9, 1e-11, 1000), 1.9705517411941778e+18)
((0.8, 0.9, 1e-09, 1000), 3732823962099974.5)
((0.9, 0.1, 1e-11, 1000), 1.699849202568807e+18)
((0.8, 0.9, 0.001, 1000), 0.05164184694117282)
((0.8, 0.9, 1e-07, 1000), 1252834095971927.2)
((0.8, 0.9, 1e-08, 1000), 17017951787431.355)
((0.8, 0.9, 1e-06, 1000), 2597682912.8012843)
((0.9, 0.1, 1e-12, 1000), 4.435679737838886e+17)
((0.9, 0.1, 1e-14, 1000), 1.0485427763168219e+22)
((0.8, 0.9, 0.0001, 1000), 1647689397.9494584)
((0.8, 0.9, 0.1, 1000), 0.05170177820238288)
((0.9, 0.1, 1e-15, 1000), 3.489263998001057e+25)
((0.8, 0.9, 0.01, 1000), 0.058160809534959904)
((0.9, 0.1, 1e-10, 1000), 9.942442181856196e-05)
((0.9, 0.1, 1e-08, 1000), 0.0031533782515173387)
((0.9, 0.1, 1e-07, 1000), 0.007395753149926955)
((0.9, 0.1, 1e-13, 1000), 6.131481321228665e+20)
((0.9, 0.1, 1e-06, 1000), 0.015468537363571594)
((0.9, 0.1, 1e-09, 1000), 0.001063811605262244)
((0.9, 0.1, 0.001, 1000), 0.03911616772292207)
((0.9, 0.2, 1e-15, 1000), 2.044667628676488e+23)
((0.9, 0.1, 0.0001, 1000), 40128054.53825475)
((0.9, 0.1, 1e-05, 1000), 0.05585375783396922)
((0.9, 0.2, 1e-14, 1000), 1.8298831015651778e+21)
((0.9, 0.1, 0.1, 1000), 0.03760639571636039)
((0.9, 0.1, 0.01, 1000), 0.043806329799190816)
((0.9, 0.2, 1e-12, 1000), 0.010210173031294779)
((0.9, 0.2, 1e-13, 1000), 7898288710473005.0)
((0.9, 0.2, 1e-11, 1000), 0.00024780663430241836)
((0.9, 0.2, 1e-10, 1000), 6.155439263618115e-05)
((0.9, 0.2, 1e-09, 1000), 0.0003822182508990299)
((0.9, 0.2, 1e-06, 1000), 0.005235381096526641)
((0.9, 0.2, 1e-07, 1000), 0.0005223311217622937)
((0.9, 0.2, 1e-08, 1000), 0.00015613928270797226)
((0.9, 0.2, 0.0001, 1000), 0.02419528061347938)
((0.9, 0.2, 1e-05, 1000), 0.011053146438834902)
((0.9, 0.2, 0.1, 1000), 0.04421852948894778)
((0.9, 0.2, 0.01, 1000), 0.0468375247829667)
((0.9, 0.2, 0.001, 1000), 0.04612337293188853)
((0.9, 0.3, 1e-12, 1000), 0.01532710998347563)
((0.9, 0.3, 1e-14, 1000), 6.55614245490132e+21)
((0.9, 0.3, 1e-15, 1000), 8.189863116929864e+21)
((0.9, 0.3, 1e-11, 1000), 0.0026685214452274973)
((0.9, 0.3, 1e-13, 1000), 2.1110511609354458e+18)
((0.9, 0.3, 0.1, 1000), 0.05268755680211503)
((0.9, 0.3, 1e-10, 1000), 4.09339023597142e-05)
((0.9, 0.3, 1e-09, 1000), 9.083385552424703e-06)
((0.9, 0.3, 1e-08, 1000), 3.707881732772508e-05)
((0.9, 0.3, 1e-06, 1000), 0.0015754946500375264)
((0.9, 0.3, 0.0001, 1000), 0.02462528520527978)
((0.9, 0.4, 1e-14, 1000), 3.8561650801294914e+21)
((0.9, 0.4, 1e-15, 1000), 1.351582431067313e+21)
((0.9, 0.4, 1e-13, 1000), 8.7568687364853e+17)
((0.9, 0.3, 1e-07, 1000), 0.00016568504654732212)
((0.9, 0.3, 1e-05, 1000), 0.012079998279536933)
((0.9, 0.3, 0.001, 1000), 0.03103690272027516)
((0.9, 0.4, 1e-12, 1000), 0.03563552007147944)
((0.9, 0.4, 0.0001, 1000), 0.03355343302467828)
((0.9, 0.3, 0.01, 1000), 0.0462259991316439)
((0.9, 0.4, 1e-07, 1000), 0.00012156798097039951)
((0.9, 0.4, 1e-11, 1000), 0.0007529469742951042)
((0.9, 0.4, 1e-10, 1000), 2.264174142538243e-05)
((0.9, 0.4, 1e-08, 1000), 1.719577023923659e-05)
((0.9, 0.4, 1e-09, 1000), 5.450630548191712e-06)
((0.9, 0.4, 1e-05, 1000), 0.01570107902195686)
((0.9, 0.4, 1e-06, 1000), 0.0017191365519203562)
((0.9, 0.4, 0.001, 1000), 0.02394312851567681)
((0.9, 0.5, 1e-14, 1000), 5.80801345059804e+21)
((0.9, 0.5, 1e-15, 1000), 2.7694336124876766e+22)
((0.9, 0.4, 0.01, 1000), 0.05102184278300572)
((0.9, 0.4, 0.1, 1000), 0.05985520377086623)
((0.9, 0.5, 1e-11, 1000), 0.007826833854913258)
((0.9, 0.5, 1e-13, 1000), 6.537429561245827e+20)
((0.9, 0.5, 1e-09, 1000), 7.0905244144331286e-06)
((0.9, 0.5, 1e-12, 1000), 0.05475245409978128)
((0.9, 0.5, 1e-10, 1000), 0.00014396910352898565)
((0.9, 0.5, 1e-08, 1000), 3.240148305846833e-05)
((0.9, 0.5, 1e-07, 1000), 0.0002232141995553355)
((0.9, 0.5, 1e-05, 1000), 0.02382658212625815)
((0.9, 0.5, 1e-06, 1000), 0.003754374515777243)
((0.9, 0.5, 0.0001, 1000), 0.03989491459628731)
((0.9, 0.5, 0.001, 1000), 0.040041860791533726)
((0.9, 0.5, 0.01, 1000), 0.07984175597574913)
((0.9, 0.6, 1e-15, 1000), 9.690708877445502e+19)
((0.9, 0.6, 1e-14, 1000), 6.33309711238854e+21)
((0.9, 0.5, 0.1, 1000), 0.040492278060571554)
((0.9, 0.6, 0.01, 1000), 1111802123.813033)
((0.9, 0.6, 1e-08, 1000), 5.747215926152474e-05)
((0.9, 0.6, 1e-12, 1000), 0.0686477173715901)
((0.9, 0.6, 1e-13, 1000), 5.277669904804286e+16)
((0.9, 0.6, 1e-11, 1000), 0.005872680869117401)
((0.9, 0.6, 1e-10, 1000), 0.00032771109776329166)
((0.9, 0.6, 0.0001, 1000), 0.05509548190857503)
((0.9, 0.6, 1e-07, 1000), 0.0012721116110608547)
((0.9, 0.6, 1e-09, 1000), 2.0530541814431613e-05)
((0.9, 0.6, 1e-06, 1000), 0.0156087463947883)
((0.9, 0.6, 0.1, 1000), 0.046729601834218634)
((0.9, 0.6, 1e-05, 1000), 0.03942696280917346)
((0.9, 0.7, 1e-08, 1000), 0.0018341072275537555)
((0.9, 0.6, 0.001, 1000), 2599695.805107608)
((0.9, 0.7, 1e-10, 1000), 0.00032652638622363125)
((0.9, 0.7, 1e-13, 1000), 2.1453549432001036e+19)
((0.9, 0.7, 1e-15, 1000), 2.334792540930932e+23)
((0.9, 0.7, 1e-06, 1000), 0.04147711736735217)
((0.9, 0.7, 1e-09, 1000), 5.087800615239813e-05)
((0.9, 0.7, 1e-14, 1000), 1.0280421185112946e+24)
((0.9, 0.7, 1e-12, 1000), 0.06324153528198992)
((0.9, 0.7, 1e-07, 1000), 0.015621713492559844)
((0.9, 0.8, 1e-11, 1000), 0.01904695681974263)
((0.9, 0.7, 1e-11, 1000), 0.012871161293255783)
((0.9, 0.7, 0.0001, 1000), 0.06925877332831824)
((0.9, 0.8, 1e-12, 1000), 5.611839880025192e+16)
((0.9, 0.7, 1e-05, 1000), 0.06943066423638236)
((0.9, 0.7, 0.01, 1000), 0.05106891618217121)
((0.9, 0.7, 0.001, 1000), 2385268.9750005687)
((0.9, 0.8, 1e-15, 1000), 9.647981103434337e+23)
((0.9, 0.7, 0.1, 1000), 0.047150829137222086)
((0.9, 0.8, 0.01, 1000), 0.047198032199778396)
((0.9, 0.8, 1e-06, 1000), 147236019909781.4)
((0.9, 0.8, 1e-13, 1000), 6.072789001538153e+21)
((0.9, 0.8, 1e-14, 1000), 3.259743124580932e+22)
((0.9, 0.8, 1e-08, 1000), 8022571452253.729)
((0.9, 0.8, 1e-05, 1000), 543263490.816137)
((0.9, 0.8, 1e-10, 1000), 0.004363037477026867)
((0.9, 0.8, 1e-09, 1000), 140814808708.85565)
((0.9, 0.8, 1e-07, 1000), 282282934663.49365)
((0.9, 0.8, 0.0001, 1000), 157352736.50702694)
((0.9, 0.8, 0.001, 1000), 734.4377239228946)
((0.9, 0.8, 0.1, 1000), 0.053690959692265026)
((0.9, 0.9, 1e-14, 1000), 3.799630388118249e+25)
((0.9, 0.9, 1e-15, 1000), 1.2905956149230295e+26)
((0.9, 0.9, 1e-11, 1000), 2.0170921599463101e+18)
((0.9, 0.9, 1e-13, 1000), 647163360472.7874)
((0.9, 0.9, 1e-12, 1000), 4.12751814248126e+19)
((0.9, 0.9, 1e-10, 1000), 4.710387091234606e+17)
((0.9, 0.9, 1e-09, 1000), 146799619864852.44)
((0.9, 0.9, 1e-08, 1000), 33791238372731.22)
((0.9, 0.9, 1e-06, 1000), 21587217911.106647)
((0.9, 0.9, 0.0001, 1000), 24130991.282089837)
((0.9, 0.9, 0.01, 1000), 0.05598036756973703)
((0.9, 0.9, 1e-05, 1000), 1764255378.2027898)
((0.9, 0.9, 0.001, 1000), 0.04843827624573226)
((0.9, 0.9, 0.1, 1000), 0.05327673026502675)
((0.9, 0.9, 1e-07, 1000), 1529446588253.114)
----------------------------------------
