((0.1, 0.1, 1e-09, 1000), 0.05126991781986171)
((0.1, 0.1, 1e-11, 1000), 0.08268833395620574)
((0.1, 0.1, 1e-15, 1000), 1.895718591970659e+25)
((0.1, 0.1, 1e-10, 1000), 0.09310814880803622)
((0.1, 0.1, 1e-13, 1000), 1.2588586731735695e+20)
((0.1, 0.1, 1e-12, 1000), 0.08572310996024668)
((0.1, 0.1, 1e-08, 1000), 0.046354118546075226)
((0.1, 0.1, 1e-14, 1000), 4.2720416171240247e+24)
((0.1, 0.1, 1e-07, 1000), 0.04768818567318334)
((0.1, 0.1, 1e-05, 1000), 0.05258389923084148)
((0.1, 0.1, 1e-06, 1000), 0.050844166535927604)
((0.1, 0.1, 0.0001, 1000), 0.052413631141770035)
((0.1, 0.1, 0.1, 1000), 0.05072858229563145)
((0.1, 0.1, 0.001, 1000), 0.05116604100827504)
((0.1, 0.2, 1e-15, 1000), 8.538653841417024e+23)
((0.1, 0.1, 0.01, 1000), 0.050684461530715354)
((0.1, 0.2, 1e-12, 1000), 1.613670659360324e+19)
((0.1, 0.2, 1e-13, 1000), 3.1487997318251633e+18)
((0.1, 0.2, 1e-14, 1000), 1.9841260031578032e+23)
((0.1, 0.2, 1e-11, 1000), 1.4917830270269552e+16)
((0.1, 0.2, 1e-10, 1000), 0.0869158198394124)
((0.1, 0.2, 1e-09, 1000), 0.07112882796629773)
((0.1, 0.2, 1e-08, 1000), 0.052182076503316854)
((0.1, 0.2, 1e-07, 1000), 0.0476937450226292)
((0.1, 0.2, 1e-06, 1000), 0.048961208979548546)
((0.1, 0.2, 1e-05, 1000), 0.052264701147815194)
((0.1, 0.2, 0.001, 1000), 0.05199011844407249)
((0.1, 0.2, 0.01, 1000), 0.05082440951810939)
((0.1, 0.2, 0.0001, 1000), 0.05303186899935954)
((0.1, 0.3, 1e-15, 1000), 2.0532399150964293e+27)
((0.1, 0.2, 0.1, 1000), 0.050706170311827115)
((0.1, 0.3, 1e-14, 1000), 1.0763123460110236e+24)
((0.1, 0.3, 1e-13, 1000), 2.474674278930981e+19)
((0.1, 0.3, 1e-12, 1000), 7.372192780238276e+17)
((0.1, 0.3, 1e-10, 1000), 70032357508667.86)
((0.1, 0.3, 1e-08, 1000), 0.04988706433932237)
((0.1, 0.3, 1e-11, 1000), 1248365074313200.8)
((0.1, 0.3, 1e-09, 1000), 0.08627014306420518)
((0.1, 0.3, 1e-07, 1000), 0.05175163169654473)
((0.1, 0.3, 1e-06, 1000), 0.05010453215814671)
((0.1, 0.3, 0.0001, 1000), 0.05326556727573276)
((0.1, 0.3, 0.001, 1000), 0.052410178926434105)
((0.1, 0.3, 0.01, 1000), 0.05124234523058222)
((0.1, 0.3, 1e-05, 1000), 0.05226285210310586)
((0.1, 0.4, 1e-15, 1000), 3.7284259751912506e+28)
((0.1, 0.3, 0.1, 1000), 0.05069430236998411)
((0.1, 0.4, 1e-14, 1000), 1.3688103390727045e+24)
((0.1, 0.4, 1e-13, 1000), 4.0246733975432135e+20)
((0.1, 0.4, 1e-12, 1000), 5.206938067653384e+21)
((0.1, 0.4, 1e-11, 1000), 5166070317789025.0)
((0.1, 0.4, 1e-08, 1000), 0.04661146162581935)
((0.1, 0.4, 1e-09, 1000), 0.09791168053277186)
((0.1, 0.4, 1e-10, 1000), 5.71141677982599e+16)
((0.1, 0.4, 1e-07, 1000), 0.05203788966246274)
((0.1, 0.4, 1e-06, 1000), 0.05229221359636658)
((0.1, 0.4, 1e-05, 1000), 0.054126412185504624)
((0.1, 0.4, 0.0001, 1000), 0.053558605683391346)
((0.1, 0.4, 0.1, 1000), 0.050736248873096114)
((0.1, 0.4, 0.001, 1000), 0.05264048965299981)
((0.1, 0.5, 1e-14, 1000), 7.335952703770894e+26)
((0.1, 0.4, 0.01, 1000), 0.0518115236677828)
((0.1, 0.5, 1e-15, 1000), 9.196646661488188e+25)
((0.1, 0.5, 1e-13, 1000), 7.421276414266709e+22)
((0.1, 0.5, 1e-12, 1000), 184985723555212.3)
((0.1, 0.5, 1e-11, 1000), 1.063036808458171e+17)
((0.1, 0.5, 1e-07, 1000), 0.05103045003878531)
((0.1, 0.5, 1e-10, 1000), 3215321197197843.0)
((0.1, 0.5, 1e-08, 1000), 0.048929771433797405)
((0.1, 0.5, 1e-06, 1000), 0.053160696097011316)
((0.1, 0.5, 1e-05, 1000), 0.05652889915607778)
((0.1, 0.5, 1e-09, 1000), 8431274149089.37)
((0.1, 0.5, 0.0001, 1000), 0.05441908718891162)
((0.1, 0.5, 0.001, 1000), 0.052886850569862795)
((0.1, 0.6, 1e-15, 1000), 1.1568722506302694e+25)
((0.1, 0.5, 0.1, 1000), 0.05089479794092382)
((0.1, 0.6, 1e-14, 1000), 6.860257089163644e+19)
((0.1, 0.5, 0.01, 1000), 0.05199245711633912)
((0.1, 0.6, 1e-13, 1000), 7.523792577526107e+17)
((0.1, 0.6, 1e-12, 1000), 3.2337105095552704e+16)
((0.1, 0.6, 1e-11, 1000), 1.1423988462218097e+18)
((0.1, 0.6, 1e-10, 1000), 3.6618905005993816e+16)
((0.1, 0.6, 1e-09, 1000), 8173587486805.396)
((0.1, 0.6, 1e-08, 1000), 0.04915993955125249)
((0.1, 0.6, 1e-06, 1000), 0.05364706152826014)
((0.1, 0.6, 1e-07, 1000), 0.05018305039030092)
((0.1, 0.6, 1e-05, 1000), 0.05766578147749415)
((0.1, 0.6, 0.0001, 1000), 0.05597080304586153)
((0.1, 0.6, 0.001, 1000), 0.05306003337540656)
((0.1, 0.6, 0.01, 1000), 0.05180306250782345)
((0.1, 0.7, 1e-15, 1000), 2.0758948672664328e+25)
((0.1, 0.6, 0.1, 1000), 0.05116638273475419)
((0.1, 0.7, 1e-13, 1000), 3.5853101244136018e+19)
((0.1, 0.7, 1e-14, 1000), 1.061564939412459e+24)
((0.1, 0.7, 1e-12, 1000), 29955743277300.74)
((0.1, 0.7, 1e-11, 1000), 2.3991784025922234e+17)
((0.1, 0.7, 1e-10, 1000), 5257630306634161.0)
((0.1, 0.7, 1e-09, 1000), 1678962683180541.5)
((0.1, 0.7, 1e-07, 1000), 0.05053618488371433)
((0.1, 0.7, 1e-08, 1000), 7843234876369.903)
((0.1, 0.7, 1e-05, 1000), 0.0585855931989244)
((0.1, 0.7, 1e-06, 1000), 0.05446783684772015)
((0.1, 0.7, 0.001, 1000), 0.0530932450404669)
((0.1, 0.7, 0.0001, 1000), 0.057130255331391155)
((0.1, 0.7, 0.01, 1000), 0.05160776478867703)
((0.1, 0.7, 0.1, 1000), 0.05141998660830245)
((0.1, 0.8, 1e-14, 1000), 4.063355889552944e+27)
((0.1, 0.8, 1e-15, 1000), 3.74700371377159e+23)
((0.1, 0.8, 1e-12, 1000), 4.095063408907243e+17)
((0.1, 0.8, 1e-11, 1000), 1.6125032768845317e+18)
((0.1, 0.8, 1e-13, 1000), 4.0820504881218585e+19)
((0.1, 0.8, 1e-10, 1000), 3039973106737282.0)
((0.1, 0.8, 1e-09, 1000), 32185108151025.28)
((0.1, 0.8, 1e-08, 1000), 232907725034.2889)
((0.1, 0.8, 1e-07, 1000), 0.05248280202066038)
((0.1, 0.8, 1e-06, 1000), 0.05649535072788037)
((0.1, 0.8, 1e-05, 1000), 0.05997024089865003)
((0.1, 0.8, 0.0001, 1000), 0.0572845951174652)
((0.1, 0.8, 0.001, 1000), 0.052933435121768825)
((0.1, 0.8, 0.01, 1000), 0.05149249886355589)
((0.1, 0.8, 0.1, 1000), 0.05153235794841711)
((0.1, 0.9, 1e-15, 1000), 8.479821431073226e+21)
((0.1, 0.9, 1e-14, 1000), 4.468635554134098e+23)
((0.1, 0.9, 1e-13, 1000), 6.106776885444112e+19)
((0.1, 0.9, 1e-12, 1000), 6.522427331052547e+18)
((0.1, 0.9, 1e-10, 1000), 433465433523397.6)
((0.1, 0.9, 1e-11, 1000), 2.920963426884364e+18)
((0.1, 0.9, 1e-09, 1000), 2839689267465.7876)
((0.1, 0.9, 1e-08, 1000), 637306871265.2937)
((0.1, 0.9, 1e-07, 1000), 0.056382895729234384)
((0.1, 0.9, 1e-06, 1000), 0.06128697750575022)
((0.1, 0.9, 0.0001, 1000), 0.056427272592593294)
((0.1, 0.9, 1e-05, 1000), 0.061221132974032796)
((0.1, 0.9, 0.001, 1000), 0.05245105273335754)
((0.1, 0.9, 0.01, 1000), 0.0513873949198839)
((0.1, 0.9, 0.1, 1000), 0.051496029830836974)
((0.2, 0.1, 1e-15, 1000), 3.979276245488789e+25)
((0.2, 0.1, 1e-14, 1000), 2.8837465729113964e+25)
((0.2, 0.1, 1e-13, 1000), 1.195898672894965e+19)
((0.2, 0.1, 1e-11, 1000), 0.047034842404714804)
((0.2, 0.1, 1e-12, 1000), 8.517826832313378e+19)
((0.2, 0.1, 1e-10, 1000), 0.05747036539425755)
((0.2, 0.1, 1e-08, 1000), 0.11078494094648232)
((0.2, 0.1, 1e-09, 1000), 0.08279045550609743)
((0.2, 0.1, 1e-07, 1000), 0.04885190355154237)
((0.2, 0.1, 1e-06, 1000), 0.04970931998723705)
((0.2, 0.1, 0.0001, 1000), 0.05167102465416714)
((0.2, 0.1, 1e-05, 1000), 0.049766020158610626)
((0.2, 0.1, 0.001, 1000), 0.051829105041837444)
((0.2, 0.1, 0.01, 1000), 0.05086034745333969)
((0.2, 0.1, 0.1, 1000), 0.050703369827545565)
((0.2, 0.2, 1e-15, 1000), 1.5089842869791633e+24)
((0.2, 0.2, 1e-14, 1000), 3.128750967690932e+24)
((0.2, 0.2, 1e-13, 1000), 3.8371676752995214e+21)
((0.2, 0.2, 1e-11, 1000), 8.673653988744861e+17)
((0.2, 0.2, 1e-12, 1000), 7.460964312561659e+17)
((0.2, 0.2, 1e-10, 1000), 4.404070434841312e+16)
((0.2, 0.2, 1e-09, 1000), 0.07832988436711394)
((0.2, 0.2, 1e-08, 1000), 0.08774270288165403)
((0.2, 0.2, 1e-07, 1000), 0.057126446232400284)
((0.2, 0.2, 1e-06, 1000), 0.0484423316523919)
((0.2, 0.2, 1e-05, 1000), 0.04771576083709996)
((0.2, 0.2, 0.0001, 1000), 0.05142954469380827)
((0.2, 0.2, 0.001, 1000), 0.052119393127124894)
((0.2, 0.2, 0.01, 1000), 0.051461646481915736)
((0.2, 0.2, 0.1, 1000), 0.05069796326810364)
((0.2, 0.3, 1e-15, 1000), 5.333969572468672e+25)
((0.2, 0.3, 1e-14, 1000), 2.132666923379737e+25)
((0.2, 0.3, 1e-13, 1000), 1.0362921530875538e+22)
((0.2, 0.3, 1e-12, 1000), 1.28115876779289e+18)
((0.2, 0.3, 1e-11, 1000), 1.48818184499569e+16)
((0.2, 0.3, 1e-10, 1000), 2177757319852597.5)
((0.2, 0.3, 1e-09, 1000), 1.785706262075015e+16)
((0.2, 0.3, 1e-08, 1000), 0.09660082868773127)
((0.2, 0.3, 1e-06, 1000), 0.05290786930373621)
((0.2, 0.3, 1e-07, 1000), 0.07509174224337123)
((0.2, 0.3, 1e-05, 1000), 0.04874173162973361)
((0.2, 0.3, 0.0001, 1000), 0.05105043454892325)
((0.2, 0.3, 0.001, 1000), 0.05237595771502618)
((0.2, 0.3, 0.01, 1000), 0.05197574543399036)
((0.2, 0.3, 0.1, 1000), 0.050859875137135156)
((0.2, 0.4, 1e-15, 1000), 5.889214855388179e+25)
((0.2, 0.4, 1e-13, 1000), 1.0880111693154574e+23)
((0.2, 0.4, 1e-14, 1000), 4.4629061408208875e+26)
((0.2, 0.4, 1e-12, 1000), 5.382334973023969e+19)
((0.2, 0.4, 1e-11, 1000), 8.537165411625423e+17)
((0.2, 0.4, 1e-10, 1000), 214230855079.1242)
((0.2, 0.4, 1e-09, 1000), 8083709516818.643)
((0.2, 0.4, 1e-08, 1000), 1819708625600.3296)
((0.2, 0.4, 1e-07, 1000), 0.08061215788251926)
((0.2, 0.4, 1e-06, 1000), 0.05124716760011853)
((0.2, 0.4, 1e-05, 1000), 0.05170393382468391)
((0.2, 0.4, 0.0001, 1000), 0.05189312989145983)
((0.2, 0.4, 0.001, 1000), 0.052669192938613774)
((0.2, 0.4, 0.01, 1000), 0.052019640026424875)
((0.2, 0.4, 0.1, 1000), 0.051257334507994946)
((0.2, 0.5, 1e-15, 1000), 5.4249776170509244e+25)
((0.2, 0.5, 1e-13, 1000), 5.420676245835043e+21)
((0.2, 0.5, 1e-14, 1000), 1.820352949292739e+27)
((0.2, 0.5, 1e-12, 1000), 3.4952423213945704e+19)
((0.2, 0.5, 1e-11, 1000), 5.307965112803534e+16)
((0.2, 0.5, 1e-10, 1000), 1076312754783710.8)
((0.2, 0.5, 1e-09, 1000), 132694858087494.5)
((0.2, 0.5, 1e-08, 1000), 40160662127.11195)
((0.2, 0.5, 1e-07, 1000), 0.08099261452000171)
((0.2, 0.5, 1e-06, 1000), 0.04810210399256459)
((0.2, 0.5, 1e-05, 1000), 0.05264355418093947)
((0.2, 0.5, 0.001, 1000), 0.053220857332681705)
((0.2, 0.5, 0.0001, 1000), 0.05425609534920658)
((0.2, 0.5, 0.1, 1000), 0.05170469729643175)
((0.2, 0.5, 0.01, 1000), 0.052032522644060865)
((0.2, 0.6, 1e-15, 1000), 3.0851592112287467e+27)
((0.2, 0.6, 1e-14, 1000), 3.196371891808806e+27)
((0.2, 0.6, 1e-13, 1000), 8.400582931807753e+20)
((0.2, 0.6, 1e-12, 1000), 7.851583410008029e+16)
((0.2, 0.6, 1e-11, 1000), 3.695808259848733e+19)
((0.2, 0.6, 1e-10, 1000), 120799834316675.05)
((0.2, 0.6, 1e-08, 1000), 420285765748.8245)
((0.2, 0.6, 1e-09, 1000), 20889712146386.74)
((0.2, 0.6, 1e-07, 1000), 0.07228886971110603)
((0.2, 0.6, 1e-06, 1000), 0.04707074407412232)
((0.2, 0.6, 0.0001, 1000), 0.05594074860952116)
((0.2, 0.6, 1e-05, 1000), 0.052704746691248784)
((0.2, 0.6, 0.001, 1000), 0.05433090314997553)
((0.2, 0.6, 0.01, 1000), 0.05210180839111428)
((0.2, 0.7, 1e-14, 1000), 7.011729490516575e+24)
((0.2, 0.7, 1e-15, 1000), 4.382118724051648e+25)
((0.2, 0.6, 0.1, 1000), 0.0518392317552903)
((0.2, 0.7, 1e-12, 1000), 4.4898984080672573e+18)
((0.2, 0.7, 1e-13, 1000), 1.9120952114091357e+20)
((0.2, 0.7, 1e-11, 1000), 1.8381789830846705e+18)
((0.2, 0.7, 1e-09, 1000), 325529264568673.75)
((0.2, 0.7, 1e-10, 1000), 1.656308377183141e+17)
((0.2, 0.7, 1e-08, 1000), 810101228760893.6)
((0.2, 0.7, 1e-07, 1000), 0.06125227139955132)
((0.2, 0.7, 1e-06, 1000), 0.04757140622349718)
((0.2, 0.7, 1e-05, 1000), 0.053073275728640214)
((0.2, 0.7, 0.0001, 1000), 0.05709206435046047)
((0.2, 0.7, 0.001, 1000), 0.05550490171137103)
((0.2, 0.7, 0.01, 1000), 0.05210837267304076)
((0.2, 0.7, 0.1, 1000), 0.05169023173376308)
((0.2, 0.8, 1e-13, 1000), 0.05883145509783394)
((0.2, 0.8, 1e-12, 1000), 4.859210923627124e+17)
((0.2, 0.8, 1e-15, 1000), 4.07697159766046e+26)
((0.2, 0.8, 1e-14, 1000), 2.4006595643957938e+26)
((0.2, 0.8, 1e-11, 1000), 7.408081635766646e+19)
((0.2, 0.8, 1e-10, 1000), 681553207405349.1)
((0.2, 0.8, 1e-08, 1000), 143054237037366.66)
((0.2, 0.8, 1e-09, 1000), 1328033969832132.0)
((0.2, 0.8, 1e-07, 1000), 12323432759.7667)
((0.2, 0.8, 1e-05, 1000), 0.054489197420164504)
((0.2, 0.8, 1e-06, 1000), 0.05010079502597379)
((0.2, 0.8, 0.0001, 1000), 0.05863023879419427)
((0.2, 0.8, 0.001, 1000), 0.0556563627908304)
((0.2, 0.8, 0.01, 1000), 0.052034790946359266)
((0.2, 0.9, 1e-15, 1000), 1.2621877186082261e+26)
((0.2, 0.8, 0.1, 1000), 0.0515047929431189)
((0.2, 0.9, 1e-14, 1000), 2.3782495263612117e+25)
((0.2, 0.9, 1e-11, 1000), 3.0349762449820134e+17)
((0.2, 0.9, 1e-12, 1000), 1.204198662916227e+18)
((0.2, 0.9, 1e-13, 1000), 8.393793485598999e+19)
((0.2, 0.9, 1e-10, 1000), 3.654659543317119e+19)
((0.2, 0.9, 1e-09, 1000), 2472098329562977.5)
((0.2, 0.9, 1e-07, 1000), 4649130731.884523)
((0.2, 0.9, 1e-08, 1000), 1622969268830.0103)
((0.2, 0.9, 1e-06, 1000), 0.05383341988507377)
((0.2, 0.9, 1e-05, 1000), 0.05862238931587664)
((0.2, 0.9, 0.0001, 1000), 0.0602600903279502)
((0.2, 0.9, 0.001, 1000), 0.05437118723477561)
((0.2, 0.9, 0.01, 1000), 0.05182905380439098)
((0.3, 0.1, 1e-15, 1000), 7.916523673230337e+25)
((0.3, 0.1, 1e-14, 1000), 5.568840776546096e+25)
((0.2, 0.9, 0.1, 1000), 0.05142695234277731)
((0.3, 0.1, 1e-13, 1000), 1.0240520261829065e+23)
((0.3, 0.1, 1e-12, 1000), 1.378895201147936e+22)
((0.3, 0.1, 1e-11, 1000), 0.053902310043783395)
((0.3, 0.1, 1e-10, 1000), 0.058514258669802824)
((0.3, 0.1, 1e-09, 1000), 0.044909177812097884)
((0.3, 0.1, 1e-08, 1000), 0.06168031171792987)
((0.3, 0.1, 1e-07, 1000), 0.10728069907597751)
((0.3, 0.1, 1e-06, 1000), 0.0485982946275718)
((0.3, 0.1, 1e-05, 1000), 0.049742440748375694)
((0.3, 0.1, 0.0001, 1000), 0.050020184155238324)
((0.3, 0.1, 0.001, 1000), 0.05148362133627201)
((0.3, 0.1, 0.01, 1000), 0.05122024067611466)
((0.3, 0.1, 0.1, 1000), 0.050688853193952874)
((0.3, 0.2, 1e-15, 1000), 4.061256003900428e+26)
((0.3, 0.2, 1e-13, 1000), 1.4631800158045862e+22)
((0.3, 0.2, 1e-14, 1000), 2.694205118762874e+24)
((0.3, 0.2, 1e-12, 1000), 8.653630094749549e+20)
((0.3, 0.2, 1e-09, 1000), 296586150082153.9)
((0.3, 0.2, 1e-11, 1000), 2.4270824118713632e+17)
((0.3, 0.2, 1e-10, 1000), 1324024557473470.5)
((0.3, 0.2, 1e-08, 1000), 0.05024599879184525)
((0.3, 0.2, 1e-07, 1000), 0.07922645776731685)
((0.3, 0.2, 1e-05, 1000), 0.048106942998172725)
((0.3, 0.2, 1e-06, 1000), 0.06607797347810643)
((0.3, 0.2, 0.0001, 1000), 0.048732397798678495)
((0.3, 0.2, 0.001, 1000), 0.05142156558494395)
((0.3, 0.2, 0.01, 1000), 0.0516943322737482)
((0.3, 0.2, 0.1, 1000), 0.05087798545313414)
((0.3, 0.3, 1e-15, 1000), 4.609810512396482e+21)
((0.3, 0.3, 1e-14, 1000), 6.91964862717414e+26)
((0.3, 0.3, 1e-13, 1000), 6.124676531352677e+19)
((0.3, 0.3, 1e-12, 1000), 1.147984979052062e+20)
((0.3, 0.3, 1e-11, 1000), 7.071618249596191e+18)
((0.3, 0.3, 1e-10, 1000), 2.858345477466763e+17)
((0.3, 0.3, 1e-09, 1000), 69320877119923.3)
((0.3, 0.3, 1e-08, 1000), 0.045903207021968574)
((0.3, 0.3, 1e-07, 1000), 0.07889110960825876)
((0.3, 0.3, 1e-06, 1000), 0.07689226741369685)
((0.3, 0.3, 1e-05, 1000), 0.05165366798612431)
((0.3, 0.3, 0.0001, 1000), 0.04832762283577805)
((0.3, 0.3, 0.001, 1000), 0.05135727617800937)
((0.3, 0.3, 0.01, 1000), 0.05169698397362767)
((0.3, 0.3, 0.1, 1000), 0.05130389496969477)
((0.3, 0.4, 1e-15, 1000), 9.966240723530381e+24)
((0.3, 0.4, 1e-14, 1000), 3.3444254011201644e+25)
((0.3, 0.4, 1e-13, 1000), 8.619337211166538e+20)
((0.3, 0.4, 1e-12, 1000), 4.246640869328672e+18)
((0.3, 0.4, 1e-11, 1000), 5.672262386226948e+18)
((0.3, 0.4, 1e-10, 1000), 1.6303237630930986e+17)
((0.3, 0.4, 1e-08, 1000), 96811934251.40193)
((0.3, 0.4, 1e-09, 1000), 4657969248146.986)
((0.3, 0.4, 1e-07, 1000), 0.07996753574158859)
((0.3, 0.4, 1e-06, 1000), 0.08094913639309424)
((0.3, 0.4, 1e-05, 1000), 0.05114328834701548)
((0.3, 0.4, 0.0001, 1000), 0.05053278573146299)
((0.3, 0.4, 0.001, 1000), 0.05160163002749403)
((0.3, 0.4, 0.01, 1000), 0.051889540054290514)
((0.3, 0.4, 0.1, 1000), 0.05177997771691274)
((0.3, 0.5, 1e-15, 1000), 1.0424585266458667e+23)
((0.3, 0.5, 1e-14, 1000), 1.3135156188042701e+26)
((0.3, 0.5, 1e-13, 1000), 1.2239462264387761e+20)
((0.3, 0.5, 1e-12, 1000), 5.6962885406112014e+19)
((0.3, 0.5, 1e-11, 1000), 1.739218470358893e+18)
((0.3, 0.5, 1e-10, 1000), 3.555889347800958e+16)
((0.3, 0.5, 1e-09, 1000), 35703718902164.27)
((0.3, 0.5, 1e-08, 1000), 50042408768.12353)
((0.3, 0.5, 1e-07, 1000), 5341288815916.197)
((0.3, 0.5, 1e-06, 1000), 0.08314841076399657)
((0.3, 0.5, 1e-05, 1000), 0.048272238420026724)
((0.3, 0.5, 0.0001, 1000), 0.052408361588967486)
((0.3, 0.5, 0.001, 1000), 0.05296359710506051)
((0.3, 0.5, 0.01, 1000), 0.052144879832748695)
((0.3, 0.5, 0.1, 1000), 0.05186335904975779)
((0.3, 0.6, 1e-15, 1000), 8.85286729569667e+25)
((0.3, 0.6, 1e-14, 1000), 1.323268725111695e+25)
((0.3, 0.6, 1e-13, 1000), 1.350038787441286e+21)
((0.3, 0.6, 1e-12, 1000), 3.586601399318337e+18)
((0.3, 0.6, 1e-11, 1000), 1.3602341912625953e+19)
((0.3, 0.6, 1e-09, 1000), 172421727315.4301)
((0.3, 0.6, 1e-10, 1000), 9473871999810300.0)
((0.3, 0.6, 1e-08, 1000), 181762177349.481)
((0.3, 0.6, 1e-07, 1000), 35961445766.39433)
((0.3, 0.6, 1e-06, 1000), 0.07767875340503172)
((0.3, 0.6, 1e-05, 1000), 0.04744125874705833)
((0.3, 0.6, 0.0001, 1000), 0.052911209336977974)
((0.3, 0.6, 0.001, 1000), 0.05523626545149921)
((0.3, 0.6, 0.01, 1000), 0.05231159697303202)
((0.3, 0.6, 0.1, 1000), 0.051694400151505046)
((0.3, 0.7, 1e-15, 1000), 1.2699056242903314e+25)
((0.3, 0.7, 1e-14, 1000), 2.282349734639746e+24)
((0.3, 0.7, 1e-13, 1000), 4.861814648106747e+21)
((0.3, 0.7, 1e-12, 1000), 1.0500781602486587e+20)
((0.3, 0.7, 1e-11, 1000), 1.8002095077297238e+19)
((0.3, 0.7, 1e-10, 1000), 1.1851167131687462e+17)
((0.3, 0.7, 1e-08, 1000), 615443228236.6759)
((0.3, 0.7, 1e-09, 1000), 2719800303453.3677)
((0.3, 0.7, 1e-07, 1000), 13159142320.766167)
((0.3, 0.7, 1e-06, 1000), 0.06395234053287202)
((0.3, 0.7, 1e-05, 1000), 0.04811430564864837)
((0.3, 0.7, 0.0001, 1000), 0.05346626310621966)
((0.3, 0.7, 0.001, 1000), 0.0570847892355712)
((0.3, 0.7, 0.01, 1000), 0.05237644169149981)
((0.3, 0.7, 0.1, 1000), 0.05155635094642007)
((0.3, 0.8, 1e-15, 1000), 1.1387697609288127e+25)
((0.3, 0.8, 1e-14, 1000), 1.2692168798123121e+26)
((0.3, 0.8, 1e-13, 1000), 1.280081718341928e+21)
((0.3, 0.8, 1e-12, 1000), 1.4006209324962973e+20)
((0.3, 0.8, 1e-11, 1000), 1.036150577321738e+18)
((0.3, 0.8, 1e-10, 1000), 934134557670847.0)
((0.3, 0.8, 1e-09, 1000), 2744945419185774.5)
((0.3, 0.8, 1e-08, 1000), 9460535759401.883)
((0.3, 0.8, 1e-07, 1000), 532370863078.3214)
((0.3, 0.8, 1e-06, 1000), 614529979.6610615)
((0.3, 0.8, 1e-05, 1000), 0.05033768296290366)
((0.3, 0.8, 0.0001, 1000), 0.05510684670948399)
((0.3, 0.8, 0.001, 1000), 0.05825235291634832)
((0.3, 0.8, 0.01, 1000), 0.052348204783881344)
((0.3, 0.8, 0.1, 1000), 0.051477391173668674)
((0.3, 0.9, 1e-15, 1000), 5.049041891800107e+24)
((0.3, 0.9, 1e-14, 1000), 5.092093171073103e+26)
((0.3, 0.9, 1e-13, 1000), 1.3264922235051812e+20)
((0.3, 0.9, 1e-12, 1000), 2.690351006690487e+16)
((0.3, 0.9, 1e-11, 1000), 6.54823705248984e+18)
((0.3, 0.9, 1e-10, 1000), 6.225222224939543e+16)
((0.3, 0.9, 1e-09, 1000), 4.373778590501126e+16)
((0.3, 0.9, 1e-08, 1000), 876470696699514.1)
((0.3, 0.9, 1e-07, 1000), 21189459303.35436)
((0.3, 0.9, 1e-06, 1000), 0.047038571737259)
((0.3, 0.9, 1e-05, 1000), 0.054223672614985154)
((0.3, 0.9, 0.0001, 1000), 0.05907366405371377)
((0.3, 0.9, 0.001, 1000), 0.05714400434074467)
((0.3, 0.9, 0.01, 1000), 0.052172526110427865)
((0.3, 0.9, 0.1, 1000), 0.051388431830983225)
((0.4, 0.1, 1e-14, 1000), 3.284764676068359e+23)
((0.4, 0.1, 1e-15, 1000), 8.568593483555832e+18)
((0.4, 0.1, 1e-13, 1000), 1.7044461785421285e+21)
((0.4, 0.1, 1e-12, 1000), 3.949281942334468e+21)
((0.4, 0.1, 1e-11, 1000), 8.9050229654639e+18)
((0.4, 0.1, 1e-10, 1000), 0.06636427027175458)
((0.4, 0.1, 1e-09, 1000), 0.05565491446195061)
((0.4, 0.1, 1e-08, 1000), 0.04199314012414958)
((0.4, 0.1, 1e-07, 1000), 0.05019910741283125)
((0.4, 0.1, 1e-06, 1000), 0.05377095090645765)
((0.4, 0.1, 1e-05, 1000), 0.04927171947268836)
((0.4, 0.1, 0.0001, 1000), 0.04890635247351219)
((0.4, 0.1, 0.001, 1000), 0.050363671942846765)
((0.4, 0.1, 0.01, 1000), 0.05139899466639012)
((0.4, 0.1, 0.1, 1000), 0.05075869153122921)
((0.4, 0.2, 1e-15, 1000), 3.2806627261051074e+24)
((0.4, 0.2, 1e-13, 1000), 1.0385864979303612e+20)
((0.4, 0.2, 1e-12, 1000), 3.116411734467694e+20)
((0.4, 0.2, 1e-14, 1000), 1.1434534539751697e+26)
((0.4, 0.2, 1e-11, 1000), 4.816228480951669e+18)
((0.4, 0.2, 1e-10, 1000), 6.31218557582934e+17)
((0.4, 0.2, 1e-09, 1000), 776951893479.0544)
((0.4, 0.2, 1e-08, 1000), 0.048498937114107854)
((0.4, 0.2, 1e-07, 1000), 0.046333096543040714)
((0.4, 0.2, 1e-06, 1000), 0.06834279606156554)
((0.4, 0.2, 1e-05, 1000), 0.05567518834201692)
((0.4, 0.2, 0.0001, 1000), 0.047400979023512924)
((0.4, 0.2, 0.001, 1000), 0.04979792895757383)
((0.4, 0.2, 0.01, 1000), 0.05118638420677478)
((0.4, 0.2, 0.1, 1000), 0.0511767290505686)
((0.4, 0.3, 1e-15, 1000), 5.123317440524287e+26)
((0.4, 0.3, 1e-13, 1000), 4.951155988458897e+21)
((0.4, 0.3, 1e-14, 1000), 9.657187756029119e+26)
((0.4, 0.3, 1e-12, 1000), 1.0669131143551721e+19)
((0.4, 0.3, 1e-11, 1000), 1.156512629213856e+18)
((0.4, 0.3, 1e-10, 1000), 1.1320546607470039e+18)
((0.4, 0.3, 1e-09, 1000), 23778286746.330788)
((0.4, 0.3, 1e-08, 1000), 595378952063.5502)
((0.4, 0.3, 1e-07, 1000), 0.04458717541667992)
((0.4, 0.3, 1e-06, 1000), 0.06311453231187854)
((0.4, 0.3, 1e-05, 1000), 0.07020351306786743)
((0.4, 0.3, 0.0001, 1000), 0.049090894041607734)
((0.4, 0.3, 0.001, 1000), 0.04921805679584281)
((0.4, 0.3, 0.01, 1000), 0.05140172827657931)
((0.4, 0.3, 0.1, 1000), 0.051567247124580017)
((0.4, 0.4, 1e-15, 1000), 1.3421814589616981e+29)
((0.4, 0.4, 1e-14, 1000), 5.557425836133293e+25)
((0.4, 0.4, 1e-12, 1000), 1.6780706570947975e+21)
((0.4, 0.4, 1e-13, 1000), 9.822433965864801e+19)
((0.4, 0.4, 1e-11, 1000), 3.9564667982609556e+18)
((0.4, 0.4, 1e-10, 1000), 4.778000732849847e+17)
((0.4, 0.4, 1e-09, 1000), 3.924245630422407e+16)
((0.4, 0.4, 1e-08, 1000), 102917864340.68893)
((0.4, 0.4, 1e-07, 1000), 721194663.8793693)
((0.4, 0.4, 1e-05, 1000), 0.0728407002250849)
((0.4, 0.4, 1e-06, 1000), 0.058402463953799)
((0.4, 0.4, 0.0001, 1000), 0.05050310937439424)
((0.4, 0.4, 0.001, 1000), 0.049725319428748735)
((0.4, 0.4, 0.01, 1000), 0.05176029060327529)
((0.4, 0.4, 0.1, 1000), 0.05161173158885053)
((0.4, 0.5, 1e-15, 1000), 3.0879086844562e+28)
((0.4, 0.5, 1e-14, 1000), 6.155275692469248e+24)
((0.4, 0.5, 1e-13, 1000), 7.293106815189359e+20)
((0.4, 0.5, 1e-12, 1000), 3.946367806103242e+19)
((0.4, 0.5, 1e-11, 1000), 1.0207912472090444e+18)
((0.4, 0.5, 1e-10, 1000), 1.4313881450314102e+17)
((0.4, 0.5, 1e-09, 1000), 1877234334080626.8)
((0.4, 0.5, 1e-08, 1000), 59410797222.63377)
((0.4, 0.5, 1e-07, 1000), 7912983.020027837)
((0.4, 0.5, 1e-06, 1000), 77091924.20206606)
((0.4, 0.5, 1e-05, 1000), 0.07251215140826903)
((0.4, 0.5, 0.001, 1000), 0.05168085784689384)
((0.4, 0.5, 0.0001, 1000), 0.04957855935744952)
((0.4, 0.5, 0.01, 1000), 0.052250718141798144)
((0.4, 0.5, 0.1, 1000), 0.05152164464208333)
((0.4, 0.6, 1e-15, 1000), 1.4439881778899267e+26)
((0.4, 0.6, 1e-14, 1000), 1.065317400646138e+25)
((0.4, 0.6, 1e-13, 1000), 1.9774805173742418e+22)
((0.4, 0.6, 1e-12, 1000), 1.7659640949792362e+20)
((0.4, 0.6, 1e-11, 1000), 7.395481707816727e+17)
((0.4, 0.6, 1e-10, 1000), 1.5521986832544924e+16)
((0.4, 0.6, 1e-09, 1000), 5842095734538524.0)
((0.4, 0.6, 1e-08, 1000), 481260095676.86786)
((0.4, 0.6, 1e-07, 1000), 1753854324.214416)
((0.4, 0.6, 1e-06, 1000), 42355665385.71126)
((0.4, 0.6, 1e-05, 1000), 0.0656985993939333)
((0.4, 0.6, 0.0001, 1000), 0.04899721184555659)
((0.4, 0.6, 0.001, 1000), 0.053505445474949544)
((0.4, 0.6, 0.01, 1000), 0.053084654953552204)
((0.4, 0.6, 0.1, 1000), 0.0515231292286578)
((0.4, 0.7, 1e-15, 1000), 3.9871923400657664e+26)
((0.4, 0.7, 1e-14, 1000), 1.9268763494649573e+30)
((0.4, 0.7, 1e-13, 1000), 2.3526907164152147e+21)
((0.4, 0.7, 1e-12, 1000), 9.371675812833888e+19)
((0.4, 0.7, 1e-11, 1000), 1.7661606835231926e+18)
((0.4, 0.7, 1e-10, 1000), 6.828053529277563e+16)
((0.4, 0.7, 1e-09, 1000), 1.0613897183912184e+17)
((0.4, 0.7, 1e-08, 1000), 1617349780075.2605)
((0.4, 0.7, 1e-07, 1000), 285918733.5600976)
((0.4, 0.7, 1e-06, 1000), 3590712092.583831)
((0.4, 0.7, 1e-05, 1000), 0.055100731143132055)
((0.4, 0.7, 0.0001, 1000), 0.04974161381980388)
((0.4, 0.7, 0.001, 1000), 0.05492739678985685)
((0.4, 0.7, 0.01, 1000), 0.05404900326831062)
((0.4, 0.7, 0.1, 1000), 0.05155521548203249)
((0.4, 0.8, 1e-15, 1000), 1.1306083710085718e+24)
((0.4, 0.8, 1e-14, 1000), 2.2033051668708174e+28)
((0.4, 0.8, 1e-13, 1000), 1.2550926848621642e+19)
((0.4, 0.8, 1e-12, 1000), 1.1945988852902655e+21)
((0.4, 0.8, 1e-11, 1000), 2.8530396326000256e+18)
((0.4, 0.8, 1e-10, 1000), 3.0582628339717268e+16)
((0.4, 0.8, 1e-09, 1000), 2.820123751199295e+16)
((0.4, 0.8, 1e-08, 1000), 2490170804840.423)
((0.4, 0.8, 1e-07, 1000), 214375003862.86777)
((0.4, 0.8, 1e-06, 1000), 10876816446.837297)
((0.4, 0.8, 1e-05, 1000), 0.04733413469155627)
((0.4, 0.8, 0.0001, 1000), 0.05166710724451189)
((0.4, 0.8, 0.001, 1000), 0.05690610367345866)
((0.4, 0.8, 0.01, 1000), 0.053992264468571284)
((0.4, 0.8, 0.1, 1000), 0.051582512651119974)
((0.4, 0.9, 1e-15, 1000), 3.7341795612219143e+27)
((0.4, 0.9, 1e-14, 1000), 1.0176215275108326e+25)
((0.4, 0.9, 1e-13, 1000), 2.6752246765932054e+22)
((0.4, 0.9, 1e-12, 1000), 2.829828904806307e+18)
((0.4, 0.9, 1e-11, 1000), 1.1794824682127816e+18)
((0.4, 0.9, 1e-10, 1000), 1.7123403998615036e+16)
((0.4, 0.9, 1e-08, 1000), 4082286484658.38)
((0.4, 0.9, 1e-09, 1000), 25459139513336.004)
((0.4, 0.9, 1e-07, 1000), 153650009630857.6)
((0.4, 0.9, 1e-06, 1000), 1254339868.826179)
((0.4, 0.9, 1e-05, 1000), 0.052287805662713224)
((0.4, 0.9, 0.0001, 1000), 0.05586880845000307)
((0.4, 0.9, 0.001, 1000), 0.05914710079274145)
((0.4, 0.9, 0.01, 1000), 0.05254862605242618)
((0.4, 0.9, 0.1, 1000), 0.051517265055384565)
((0.5, 0.1, 1e-15, 1000), 1.3541765718075423e+26)
((0.5, 0.1, 1e-14, 1000), 9.41188916146514e+25)
((0.5, 0.1, 1e-13, 1000), 7.744919599992812e+21)
((0.5, 0.1, 1e-12, 1000), 8.313931423494744e+19)
((0.5, 0.1, 1e-11, 1000), 0.06882743204805856)
((0.5, 0.1, 1e-10, 1000), 0.033564005571604605)
((0.5, 0.1, 1e-09, 1000), 0.05226379932200269)
((0.5, 0.1, 1e-08, 1000), 0.03682052711797275)
((0.5, 0.1, 1e-07, 1000), 0.03647380954103651)
((0.5, 0.1, 1e-06, 1000), 0.04660878016560898)
((0.5, 0.1, 1e-05, 1000), 0.04823921690790038)
((0.5, 0.1, 0.0001, 1000), 0.04972052512811699)
((0.5, 0.1, 0.001, 1000), 0.04881606896255025)
((0.5, 0.1, 0.01, 1000), 0.05092586882898601)
((0.5, 0.1, 0.1, 1000), 0.05097504139958414)
((0.5, 0.2, 1e-15, 1000), 5.5901189192521975e+26)
((0.5, 0.2, 1e-14, 1000), 4.1079662743238216e+26)
((0.5, 0.2, 1e-13, 1000), 0.08785989240888036)
((0.5, 0.2, 1e-12, 1000), 0.07086575530286394)
((0.5, 0.2, 1e-11, 1000), 1.5848477664978938e+17)
((0.5, 0.2, 1e-10, 1000), 1086266436917525.0)
((0.5, 0.2, 1e-09, 1000), 0.05811422561202352)
((0.5, 0.2, 1e-08, 1000), 0.040016341456070956)
((0.5, 0.2, 1e-07, 1000), 0.05044832076348771)
((0.5, 0.2, 1e-06, 1000), 0.041547871415919826)
((0.5, 0.2, 1e-05, 1000), 0.05990205165577556)
((0.5, 0.2, 0.0001, 1000), 0.046978762683327145)
((0.5, 0.2, 0.001, 1000), 0.048659970162720556)
((0.5, 0.2, 0.01, 1000), 0.050391900309939806)
((0.5, 0.2, 0.1, 1000), 0.05127887897228837)
((0.5, 0.3, 1e-15, 1000), 3.863167380025543e+24)
((0.5, 0.3, 1e-13, 1000), 3.951464428505349e+19)
((0.5, 0.3, 1e-14, 1000), 8.407171464717453e+28)
((0.5, 0.3, 1e-12, 1000), 0.05217831044647346)
((0.5, 0.3, 1e-11, 1000), 5822124870197106.0)
((0.5, 0.3, 1e-10, 1000), 1439521119967966.5)
((0.5, 0.3, 1e-09, 1000), 1857464947118224.5)
((0.5, 0.3, 1e-08, 1000), 9654493433.377241)
((0.5, 0.3, 1e-07, 1000), 28590689.57216587)
((0.5, 0.3, 1e-06, 1000), 0.04217127621608323)
((0.5, 0.3, 1e-05, 1000), 0.05709245788725159)
((0.5, 0.3, 0.0001, 1000), 0.059582307444069796)
((0.5, 0.3, 0.001, 1000), 0.04805650046775401)
((0.5, 0.3, 0.01, 1000), 0.05041979271113169)
((0.5, 0.3, 0.1, 1000), 0.051159971937596936)
((0.5, 0.4, 1e-15, 1000), 3.276910125562155e+24)
((0.5, 0.4, 1e-14, 1000), 1.321373424806145e+27)
((0.5, 0.4, 1e-12, 1000), 0.02127174037405995)
((0.5, 0.4, 1e-13, 1000), 9.23351123924822e+20)
((0.5, 0.4, 1e-11, 1000), 51892276891193.31)
((0.5, 0.4, 1e-10, 1000), 5.804008227423252e+17)
((0.5, 0.4, 1e-09, 1000), 5426495651794845.0)
((0.5, 0.4, 1e-08, 1000), 7.682309871385953e+17)
((0.5, 0.4, 1e-07, 1000), 17865864.089641277)
((0.5, 0.4, 1e-06, 1000), 3971925296.926942)
((0.5, 0.4, 0.0001, 1000), 0.06283946944951628)
((0.5, 0.4, 1e-05, 1000), 0.05344902669027154)
((0.5, 0.4, 0.001, 1000), 0.04885782011252983)
((0.5, 0.4, 0.01, 1000), 0.05057168449826495)
((0.5, 0.4, 0.1, 1000), 0.05115534269353093)
