Estimator: PolynomialKernel
Total number of parameters: 1515
Time started: 20240801-115549
Validation parameters: [2000, 500, 100] (training, validation, jump)
Validation type: rolling
Task: PathContinue
Normalisation type for inputs: MinMax
Normalisation type for targets: None
Error type: meansquare
MinMax range for inputs: (0, 1) 
--------------------------------------------------------------------------------
First log reached. Amount of time elapsed is 15.869324445724487 seconds.
Estimated time to finish is 238.0398666858673 seconds.
--------------------------------------------------------------------------------
((1, 1, 1e-07, 0), 0.05435720196666979)
((1, 1, 1e-10, 0), 0.05436974908154276)
((1, 1, 1e-06, 0), 0.05435718938624943)
((1, 1, 1e-09, 0), 0.05436307172853701)
((1, 1, 1e-13, 0), 0.6469628613256975)
((1, 1, 1e-05, 0), 0.05435716683680588)
((1, 1, 0.01, 0), 0.05433464775886136)
((1, 1, 1e-08, 0), 0.05435769579884653)
((1, 1, 0.0001, 0), 0.05435696184397978)
((1, 2, 1e-07, 0), 0.057073894116733026)
((1, 2, 0.0001, 0), 0.056981147468195936)
((1, 2, 1e-09, 0), 0.05707691956865961)
((1, 3, 0.1, 0), 0.04846095712796968)
((1, 2, 1e-05, 0), 0.057064603400741556)
((1, 1, 1e-14, 0), nan)
((1, 3, 0.01, 0), 0.0487458207003044)
((1, 2, 0.001, 0), 0.05619815579126144)
((1, 2, 1e-12, 0), 1.1972120988350814e+46)
((1, 3, 0.001, 0), 0.04890663484736456)
((1, 2, 1e-11, 0), 0.056123966503511556)
((1, 2, 1e-14, 0), nan)
((1, 4, 1e-13, 0), nan)
((1, 2, 0.1, 0), 0.04802491686401461)
((1, 3, 1e-07, 0), 0.05064644921187248)
((1, 3, 1e-05, 0), 0.0506103626794465)
((1, 2, 1e-06, 0), 0.05707306344376371)
((1, 3, 1e-08, 0), 0.05064412869587966)
((1, 2, 1e-10, 0), 0.056772415657859863)
((1, 2, 1e-13, 0), 3.675175636922119e+284)
((1, 1, 1e-12, 0), 139.09240398610024)
((1, 3, 1e-06, 0), 0.0506432786982974)
((1, 4, 1e-11, 0), 3.9992781977532434e+62)
((1, 3, 1e-12, 0), 9.633853450216588e+149)
((1, 2, 1e-08, 0), 0.05707610028012642)
((1, 4, 1e-12, 0), 9.759000378318083e+174)
((1, 3, 1e-11, 0), 3.3573757660336353e+39)
((1, 3, 1e-10, 0), 0.05067823861117006)
((1, 4, 1e-14, 0), nan)
((1, 3, 1e-14, 0), nan)
((1, 2, 1e-15, 0), nan)
((1, 3, 1e-15, 0), nan)
((1, 2, 0.01, 0), 0.05149357738694792)
((1, 1, 0.001, 0), 0.05435492031854121)
((1, 1, 1e-15, 0), nan)
((1, 1, 1e-11, 0), 0.05662840495287737)
((1, 3, 1e-09, 0), 0.0506499311222234)
((1, 4, 1e-15, 0), nan)
((1, 1, 0.1, 0), 0.054145184676694824)
((1, 3, 1e-13, 0), inf)
((1, 3, 0.0001, 0), 0.05031569143543554)
((1, 4, 1e-05, 0), 0.048767767948072784)
((1, 4, 0.0001, 0), 0.046657397845266846)
((1, 4, 0.01, 0), 0.04845397297530056)
((1, 4, 1e-09, 0), 0.05203274369180051)
((1, 4, 1e-06, 0), 0.05173800737928434)
((1, 4, 1e-10, 0), 0.05892210020444799)
((1, 4, 1e-07, 0), 0.05218292635880918)
((1, 4, 0.001, 0), 0.04891027855698047)
((1, 4, 1e-08, 0), 0.05226620944903816)
((1, 5, 1e-13, 0), inf)
((1, 5, 1e-11, 0), 1.2074191546088363e+92)
((1, 4, 0.1, 0), 0.04840908732039537)
((1, 5, 1e-10, 0), 10464333223524.232)
((1, 5, 1e-07, 0), 0.049072980001528384)
((1, 5, 0.01, 0), 0.048632166841775466)
((1, 5, 1e-12, 0), 2.4284561857202062e+258)
((1, 5, 1e-08, 0), 0.04906494218984745)
((1, 5, 1e-06, 0), 0.04865023294019223)
((1, 6, 1e-10, 0), 0.15390418879603077)
((1, 5, 0.1, 0), 0.04799126391285833)
((1, 6, 1e-08, 0), 0.046031749100325224)
((1, 6, 1e-05, 0), 0.0476701899268617)
((1, 6, 1e-12, 0), 8.193193888653592e+187)
((1, 5, 1e-09, 0), 0.04920556093609303)
((1, 6, 0.0001, 0), 0.046632670112090636)
((1, 6, 1e-09, 0), 0.04332822981480694)
((1, 6, 0.001, 0), 0.04596440465545947)
((1, 5, 0.0001, 0), 0.04674564627881149)
((1, 6, 0.01, 0), 0.04767906984330879)
((1, 5, 1e-05, 0), 0.046962702148807135)
((1, 6, 0.1, 0), 0.04824052776772285)
((1, 6, 1e-06, 0), 0.045493370137663816)
((1, 5, 0.001, 0), 0.04686609394206561)
((1, 5, 1e-14, 0), nan)
((1, 7, 1e-12, 0), 4.274358743549624e+261)
((1, 6, 1e-07, 0), 0.04520973192686818)
((1, 6, 1e-14, 0), nan)
((1, 6, 1e-15, 0), nan)
((1, 6, 1e-11, 0), 1.4170421031043381e+64)
((1, 5, 1e-15, 0), nan)
((1, 7, 1e-11, 0), 1.8036533728959682e+98)
((1, 7, 1e-09, 0), 0.04539755333601858)
((1, 7, 1e-13, 0), inf)
((1, 7, 1e-15, 0), nan)
((1, 6, 1e-13, 0), nan)
((1, 7, 1e-10, 0), 1.7103619967252613e+26)
((1, 7, 1e-07, 0), 0.04631272624157752)
((1, 7, 1e-14, 0), nan)
((1, 7, 1e-06, 0), 0.044745311586909024)
((1, 7, 1e-08, 0), 0.04736070838151275)
((1, 8, 1e-11, 0), 1.2557574607668903e+74)
((1, 8, 1e-10, 0), 3.59408615494304e+41)
((1, 8, 1e-08, 0), 0.04152166900577649)
((1, 8, 0.0001, 0), 0.04562015608020668)
((1, 8, 1e-07, 0), 0.04515433548908859)
((1, 8, 0.1, 0), 0.04754080004441834)
((1, 7, 0.0001, 0), 0.04709691860204489)
((1, 7, 1e-05, 0), 0.04523853162056699)
((1, 8, 1e-12, 0), 1.5469547150447168e+189)
((1, 8, 1e-09, 0), 0.03885250532103076)
((1, 7, 0.001, 0), 0.04598948716364441)
((1, 8, 1e-13, 0), inf)
((1, 8, 0.001, 0), 0.046338735495432506)
((1, 7, 0.01, 0), 0.04631039835621589)
((1, 8, 1e-06, 0), 0.04587161672075987)
((1, 8, 1e-05, 0), 0.044387364147619894)
((1, 7, 0.1, 0), 0.04814615224507178)
((1, 8, 1e-15, 0), nan)
((1, 8, 0.01, 0), 0.04558795646486318)
((1, 8, 1e-14, 0), nan)
((1, 9, 1e-12, 0), 5.377889899349765e+181)
((1, 10, 1e-13, 0), nan)
((1, 9, 0.01, 0), 0.04542524030461069)
((1, 10, 1e-11, 0), 2.741217949935953e+133)
((1, 9, 0.1, 0), 0.04658163369234925)
((1, 10, 1e-07, 0), 0.044995624410864445)
((1, 9, 1e-11, 0), 9.227145283225667e+104)
((1, 9, 0.001, 0), 0.04601292091795399)
((1, 9, 1e-09, 0), 0.2297803806842517)
((1, 9, 1e-08, 0), 0.04522176094477584)
((1, 9, 1e-13, 0), inf)
((1, 9, 1e-07, 0), 0.04358821142958409)
((1, 9, 1e-05, 0), 0.0452136177750728)
((1, 9, 1e-10, 0), 9.71071532234148e+38)
((1, 9, 1e-06, 0), 0.04509674319275901)
((1, 9, 0.0001, 0), 0.044230774243665685)
((1, 9, 1e-14, 0), nan)
((1, 10, 1e-09, 0), 5.43920327448468)
((1, 10, 1e-14, 0), nan)
((1, 10, 1e-10, 0), 2.405881824756262e+20)
((1, 10, 1e-08, 0), 0.0434294256718724)
((1, 10, 1e-12, 0), 5.430256912037774e+277)
((1, 9, 1e-15, 0), nan)
((1, 10, 0.001, 0), 0.04481307216812539)
((1, 10, 1e-15, 0), nan)
((1, 10, 0.0001, 0), 0.04422451385677268)
((1, 10, 1e-06, 0), 0.04336131584634717)
((1, 10, 1e-05, 0), 0.04525604241181946)
((1, 10, 0.01, 0), 0.04544768988184148)
((1, 10, 0.1, 0), 0.04565628294298106)
((1, 11, 1e-13, 0), nan)
((1, 12, 1e-13, 0), nan)
((1, 11, 1e-11, 0), 7.54931898303443e+136)
((1, 11, 1e-08, 0), 0.044929449980366146)
((1, 11, 1e-09, 0), 0.14354906387741403)
((1, 12, 1e-08, 0), 0.04456167023350606)
((1, 11, 1e-10, 0), 2.3317107999187463e+56)
((1, 11, 1e-15, 0), nan)
((1, 11, 0.01, 0), 0.045241523838004435)
((1, 11, 1e-12, 0), 2.2803774549406695e+198)
((1, 11, 1e-07, 0), 0.04465478727106432)
((1, 12, 1e-10, 0), 6.421990480750852e+59)
((1, 12, 1e-06, 0), 0.04447031196997944)
((1, 11, 0.0001, 0), 0.044954227072745295)
((1, 11, 1e-06, 0), 0.04424751759226549)
((1, 12, 1e-11, 0), 1.529162210098024e+118)
((1, 12, 1e-09, 0), 0.05201451589747798)
((1, 12, 1e-07, 0), 0.043014807094154)
((1, 11, 0.001, 0), 0.04369468419613529)
((1, 11, 1e-14, 0), nan)
((1, 12, 1e-05, 0), 0.04325629815600098)
((1, 12, 1e-12, 0), 2.9590284072624442e+287)
((1, 12, 1e-14, 0), nan)
((1, 11, 1e-05, 0), 0.04369864186927311)
((1, 12, 0.001, 0), 0.04351667362362825)
((1, 12, 0.1, 0), 0.044648584383930864)
((1, 11, 0.1, 0), 0.04502943218522964)
((1, 12, 0.01, 0), 0.044552051528958164)
((1, 12, 1e-15, 0), nan)
((1, 14, 1e-13, 0), nan)
((1, 13, 0.001, 0), 0.0440296704001038)
((1, 12, 0.0001, 0), 0.04466176826444077)
((1, 14, 1e-12, 0), 1.4359623307495178e+262)
((1, 13, 1e-11, 0), 4.787682673236696e+144)
((1, 13, 1e-12, 0), 5.1992852224801e+285)
((1, 13, 1e-10, 0), 3.5652401115871524e+20)
((1, 13, 1e-09, 0), 36.0039160573544)
((1, 13, 1e-08, 0), 0.04295093055342681)
((1, 13, 0.01, 0), 0.043606624905427306)
((1, 13, 0.1, 0), 0.0444074288613038)
((1, 13, 1e-13, 0), nan)
((1, 13, 0.0001, 0), 0.04352883752141923)
((1, 13, 1e-06, 0), 0.04312073327294893)
((1, 14, 1e-14, 0), nan)
((1, 13, 1e-05, 0), 0.04386909107869845)
((1, 14, 1e-15, 0), nan)
((1, 13, 1e-14, 0), nan)
((1, 13, 1e-07, 0), 0.04381195368739051)
((1, 13, 1e-15, 0), nan)
((1, 14, 1e-11, 0), 1.530128833345407e+171)
((1, 14, 1e-10, 0), 5.035546587431036e+31)
((1, 14, 1e-05, 0), 0.04346869606603182)
((1, 14, 1e-07, 0), 0.04284358139892177)
((1, 14, 0.001, 0), 0.0441357831236445)
((1, 14, 1e-06, 0), 0.042755535743848605)
((1, 14, 1e-08, 0), 0.040990503254567934)
((1, 14, 0.01, 0), 0.042950967805335374)
((1, 14, 1e-09, 0), 70.55221347757654)
((1, 15, 0.001, 0), 0.04346991395013376)
((1, 16, 1e-13, 0), nan)
((1, 16, 1e-06, 0), 0.04194906861809396)
((1, 16, 0.1, 0), 0.04342921896543845)
((1, 16, 1e-10, 0), 8.327593215279132e+67)
((1, 16, 0.0001, 0), 0.04276844202839303)
((1, 16, 0.01, 0), 0.04299479528086339)
((1, 14, 0.1, 0), 0.04417949961412245)
((1, 16, 1e-11, 0), 1.065595826313128e+150)
((1, 16, 1e-12, 0), inf)
((1, 14, 0.0001, 0), 0.04298244891257623)
((1, 16, 0.001, 0), 0.042548683676373066)
((1, 15, 1e-12, 0), 7.34505470728627e+282)
((1, 15, 1e-11, 0), 7.990820318221792e+134)
((1, 16, 1e-07, 0), 0.04216174447318703)
((1, 16, 1e-05, 0), 0.04182680628512708)
((1, 15, 0.01, 0), 0.042854131401726156)
((1, 15, 1e-07, 0), 0.041709986562443034)
((1, 17, 1e-07, 0), 0.04089174824920026)
((1, 15, 1e-10, 0), 4.8937658523149944e+58)
((1, 15, 0.0001, 0), 0.043059986998058006)
((1, 16, 1e-15, 0), nan)
((1, 15, 1e-06, 0), 0.04273590620186733)
((1, 15, 1e-05, 0), 0.04232971543154391)
((1, 15, 1e-14, 0), nan)
((1, 15, 1e-13, 0), nan)
((1, 17, 1e-15, 0), nan)
((1, 15, 0.1, 0), 0.04385475616252587)
((1, 15, 1e-08, 0), 0.04318783371643716)
((1, 15, 1e-15, 0), nan)
((1, 17, 1e-09, 0), 2.6116435275838983)
((1, 16, 1e-14, 0), nan)
((1, 17, 1e-10, 0), 2.674110835057305e+45)
((1, 17, 1e-11, 0), 1.1698349606354473e+115)
((1, 16, 1e-08, 0), 0.044802247650611644)
((1, 17, 1e-08, 0), 0.039155296307667245)
((1, 17, 1e-13, 0), nan)
((1, 16, 1e-09, 0), 0.062156304326279596)
((1, 17, 1e-12, 0), 3.4899193884353574e+293)
((1, 17, 1e-14, 0), nan)
((1, 15, 1e-09, 0), 10290066.673872542)
((1, 17, 1e-06, 0), 0.041113496704844175)
((1, 17, 0.0001, 0), 0.04190418486894903)
((1, 18, 1e-13, 0), nan)
((1, 17, 1e-05, 0), 0.041622685212124)
((1, 17, 0.01, 0), 0.042880713373028304)
((1, 18, 1e-09, 0), 0.8661189448787108)
((1, 17, 0.1, 0), 0.04298660202894656)
((1, 17, 0.001, 0), 0.041929535839265515)
((1, 18, 1e-08, 0), 0.03643209435802523)
((1, 18, 1e-06, 0), 0.03943727667445996)
((1, 18, 1e-05, 0), 0.04048151948706615)
((1, 18, 0.0001, 0), 0.040941271851914776)
((1, 18, 1e-14, 0), nan)
((1, 18, 0.001, 0), 0.041542765361114696)
((1, 18, 1e-07, 0), 0.037785608256246446)
((1, 18, 1e-11, 0), 9.023771538907898e+164)
((1, 18, 0.01, 0), 0.04230721865451219)
((1, 19, 1e-08, 0), 0.03059478203574592)
((1, 18, 1e-15, 0), nan)
((1, 18, 0.1, 0), 0.04259524911081715)
((1, 19, 0.1, 0), 0.04219628668018377)
((1, 19, 0.001, 0), 0.04061512589149471)
((1, 20, 1e-11, 0), 2.498826481499218e+167)
((1, 19, 1e-11, 0), 3.5437582490931827e+186)
((1, 19, 1e-09, 0), 4.901714911393972)
((1, 20, 1e-13, 0), nan)
((1, 19, 1e-10, 0), 2.6062612906637764e+45)
((1, 19, 1e-05, 0), 0.03732954994594976)
((1, 18, 1e-10, 0), 2.389725530707961e+56)
((1, 19, 1e-07, 0), 0.03455884064638744)
((1, 19, 0.0001, 0), 0.03918945110939484)
((1, 19, 1e-12, 0), 3.4210360034389173e+288)
((1, 19, 1e-06, 0), 0.03564723097238657)
((1, 20, 1e-10, 0), 1.0492208454052532e+67)
((1, 19, 0.01, 0), 0.04131450131765253)
((1, 19, 1e-14, 0), nan)
((1, 19, 1e-15, 0), nan)
((1, 19, 1e-13, 0), nan)
((1, 20, 1e-06, 0), 0.03463509318649992)
((1, 20, 1e-05, 0), 0.035055453968236804)
((1, 20, 1e-12, 0), 1.2088263580606622e+273)
((1, 20, 0.001, 0), 0.038740262899425254)
((1, 20, 1e-09, 0), 66194.93407867271)
((1, 20, 1e-07, 0), 0.03474464367781912)
((1, 20, 1e-15, 0), nan)
((1, 20, 1e-14, 0), nan)
((1, 18, 1e-12, 0), 5.56911703121097e+282)
((1, 20, 0.0001, 0), 0.03668026945231801)
((1, 20, 0.01, 0), 0.04002902468326418)
((1, 20, 1e-08, 0), 0.0354133168513745)
((1, 20, 0.1, 0), 0.041635551984643714)
((1, 21, 1e-12, 0), 7.929925212282755e+236)
((1, 21, 1e-10, 0), 1.4523600720007816e+66)
((1, 21, 0.01, 0), 0.03855094992084474)
((1, 21, 1e-09, 0), 21521.75133885691)
((1, 21, 0.1, 0), 0.04078003961214154)
((1, 21, 1e-11, 0), 2.8668348738070663e+169)
((1, 21, 1e-08, 0), 0.03799300526580539)
((1, 21, 1e-07, 0), 0.034620881946593844)
((1, 22, 1e-12, 0), 1.6851605687549448e+290)
((1, 21, 1e-06, 0), 0.03483630384565306)
((1, 21, 1e-13, 0), nan)
((1, 21, 0.0001, 0), 0.03485101641423847)
((1, 22, 1e-11, 0), 1.722633916357379e+169)
((1, 22, 1e-07, 0), 0.03458437306278676)
((1, 21, 1e-15, 0), nan)
((1, 22, 1e-13, 0), nan)
((1, 22, 1e-10, 0), 6.073749578076047e+48)
((1, 21, 1e-05, 0), 0.03473841013151215)
((1, 23, 1e-09, 0), 527309.8721156388)
((1, 21, 0.001, 0), 0.036490620217601605)
((1, 22, 1e-06, 0), 0.03459160868990831)
((1, 22, 1e-05, 0), 0.03469169729081778)
((1, 22, 0.0001, 0), 0.03437146665566949)
((1, 22, 0.01, 0), 0.03691328645967094)
((1, 22, 0.001, 0), 0.0347610669668799)
((1, 22, 1e-09, 0), 274156.5530966409)
((1, 22, 1e-08, 0), 0.03498348440207473)
((1, 22, 0.1, 0), 0.039571390362937)
((1, 23, 1e-07, 0), 0.03442504982052537)
((1, 23, 1e-08, 0), 0.03482912969772084)
((1, 21, 1e-14, 0), nan)
((1, 23, 1e-05, 0), 0.034458807227052524)
((1, 23, 0.0001, 0), 0.034316128022975276)
((1, 23, 1e-06, 0), 0.03447675683856018)
((1, 23, 1e-11, 0), 3.023620931290884e+146)
((1, 23, 1e-14, 0), nan)
((1, 23, 0.001, 0), 0.03414369619701144)
((1, 23, 1e-13, 0), nan)
((1, 23, 1e-15, 0), nan)
((1, 22, 1e-15, 0), nan)
((1, 23, 1e-10, 0), 4.2956948120659965e+41)
((1, 23, 1e-12, 0), 6.026911194837561e+268)
((1, 22, 1e-14, 0), nan)
((1, 23, 0.01, 0), 0.03541865443283243)
((1, 23, 0.1, 0), 0.03808836764682606)
((1, 24, 1e-12, 0), 1.0339476393254135e+211)
((1, 24, 1e-13, 0), nan)
((1, 24, 1e-15, 0), nan)
((1, 24, 1e-14, 0), nan)
((1, 24, 1e-11, 0), 2.644650519089169e+164)
((1, 24, 1e-10, 0), 2.3995179261269723e+58)
((1, 24, 1e-09, 0), 12.663571098468683)
((1, 24, 1e-07, 0), 0.03441223064389023)
((1, 24, 1e-05, 0), 0.0343289327256263)
((1, 24, 0.001, 0), 0.03410094406386803)
((1, 24, 0.1, 0), 0.03660456708905231)
((1, 24, 0.0001, 0), 0.034087084823449416)
((1, 24, 1e-08, 0), 0.03508077464048485)
((1, 25, 1e-11, 0), 1.262943211414135e+140)
((1, 24, 1e-06, 0), 0.03445899166980436)
((1, 24, 0.01, 0), 0.03459466984051031)
((1, 25, 1e-10, 0), 1.5078971174986783e+50)
((1, 25, 1e-12, 0), 5.069922970813608e+256)
((1, 26, 1e-10, 0), 8.494160563629164e+38)
((1, 25, 1e-13, 0), nan)
((1, 25, 1e-09, 0), 8635.313304143383)
((1, 25, 1e-08, 0), 0.03608925414005606)
((1, 25, 1e-07, 0), 0.03598244018364559)
((1, 26, 1e-06, 0), 0.0362881297483987)
((1, 26, 1e-05, 0), 0.035481317714045654)
((1, 25, 1e-06, 0), 0.03516825714069406)
((1, 26, 1e-11, 0), 2.5206867042154997e+179)
((1, 25, 1e-15, 0), nan)
((1, 25, 1e-14, 0), nan)
((1, 26, 0.01, 0), 0.03450209855823329)
((1, 26, 0.001, 0), 0.033773479318524056)
((1, 25, 0.001, 0), 0.03395220170360208)
((1, 26, 1e-07, 0), 0.03579027171576554)
((1, 26, 1e-08, 0), 0.03695389554755016)
((1, 26, 1e-09, 0), 1063.042386139084)
((1, 25, 0.0001, 0), 0.033985335840676166)
((1, 26, 1e-12, 0), 5.121612739712427e+294)
((1, 26, 0.0001, 0), 0.034125244623133905)
((1, 27, 1e-12, 0), 1.5431392080629307e+287)
((1, 25, 0.01, 0), 0.03447790460781678)
((1, 26, 0.1, 0), 0.03507852863120346)
((1, 25, 0.1, 0), 0.03552274730423073)
((1, 26, 1e-13, 0), nan)
((1, 27, 1e-11, 0), 2.0303882617791918e+154)
((1, 27, 1e-09, 0), 3747.439553615747)
((1, 27, 1e-07, 0), 0.0345772179527664)
((1, 27, 1e-10, 0), 9.865087272182032e+56)
((1, 27, 1e-08, 0), 0.036624591643961375)
((1, 26, 1e-15, 0), nan)
((1, 25, 1e-05, 0), 0.03448702333700356)
((1, 27, 1e-13, 0), nan)
((1, 27, 1e-15, 0), nan)
((1, 26, 1e-14, 0), nan)
((1, 27, 1e-14, 0), nan)
((1, 27, 1e-06, 0), 0.03569411566206558)
((1, 27, 0.01, 0), 0.03432882783356877)
((1, 27, 0.001, 0), 0.0337566420514604)
((1, 27, 0.0001, 0), 0.035013265919842024)
((1, 27, 1e-05, 0), 0.036278034209406604)
((1, 28, 1e-12, 0), inf)
((1, 28, 1e-11, 0), 3.818892333055122e+168)
((1, 27, 0.1, 0), 0.03509680232556737)
((1, 28, 0.1, 0), 0.03518098797219253)
((1, 28, 1e-09, 0), 203.4192503912494)
((1, 28, 1e-10, 0), 7.648125350694666e+67)
((1, 28, 1e-06, 0), 0.03415911303378962)
((1, 28, 0.01, 0), 0.034098473188562226)
((1, 28, 1e-13, 0), nan)
((1, 28, 1e-08, 0), 0.033363080963833835)
((1, 28, 0.0001, 0), 0.035834603452837004)
((1, 28, 0.001, 0), 0.034217404776966456)
((1, 29, 1e-12, 0), 4.880341622717913e+285)
((1, 30, 1e-06, 0), 0.03268358588155177)
((1, 29, 1e-13, 0), nan)
((1, 29, 1e-11, 0), 5.602180936105902e+157)
((1, 28, 1e-14, 0), nan)
((1, 28, 1e-15, 0), nan)
((1, 30, 1e-07, 0), 0.03222326114061793)
((1, 29, 0.0001, 0), 0.035046909125744236)
((1, 29, 1e-09, 0), 1634.866806946874)
((1, 30, 1e-10, 0), 8.7654051171635e+54)
((1, 29, 1e-10, 0), 5.894084250193033e+89)
((1, 30, 1e-09, 0), 8856.427828292737)
((1, 30, 1e-12, 0), inf)
((1, 30, 1e-08, 0), 0.03556954996300052)
((1, 30, 1e-11, 0), 1.3398455993047372e+133)
((1, 29, 1e-15, 0), nan)
((1, 29, 0.1, 0), 0.03509755710920593)
((1, 30, 1e-14, 0), nan)
((1, 28, 1e-07, 0), 0.033446118350605396)
((1, 29, 1e-05, 0), 0.03369284888472827)
((1, 30, 1e-15, 0), nan)
((1, 29, 1e-07, 0), 0.03277925241142464)
((1, 28, 1e-05, 0), 0.0353488979931977)
((1, 29, 1e-08, 0), 0.03284106516016367)
((1, 29, 1e-06, 0), 0.03315071608523276)
((1, 30, 1e-13, 0), nan)
((1, 29, 0.001, 0), 0.03505994628216587)
((1, 29, 1e-14, 0), nan)
((1, 29, 0.01, 0), 0.034063566205441084)
((1, 30, 1e-05, 0), 0.03265781347271016)
((1, 30, 0.0001, 0), 0.03328550307106414)
((1, 30, 0.001, 0), 0.03508858723742296)
((1, 30, 0.01, 0), 0.034377580952825205)
((1, 30, 0.1, 0), 0.03488058800103035)
((1, 32, 1e-12, 0), inf)
((1, 32, 1e-09, 0), 12.352366205611116)
((1, 32, 1e-10, 0), 4.731135885463708e+43)
((1, 32, 1e-11, 0), 1.7685696521993393e+151)
((1, 32, 0.001, 0), 0.03201618833592038)
((1, 31, 1e-12, 0), inf)
((1, 32, 1e-07, 0), 0.031071689483642008)
((1, 31, 1e-11, 0), 3.1579734949347297e+170)
((1, 31, 1e-10, 0), 4.691741605850059e+42)
((1, 32, 0.01, 0), 0.034556494456040435)
((1, 32, 1e-15, 0), nan)
((1, 32, 1e-05, 0), 0.03175004354869182)
((1, 32, 0.1, 0), 0.03454674103214468)
((1, 32, 1e-06, 0), 0.031227332313248774)
((1, 32, 1e-08, 0), 0.031372162918428884)
((1, 32, 1e-14, 0), nan)
((1, 31, 1e-15, 0), nan)
((1, 31, 1e-08, 0), 0.03396171245681649)
((1, 31, 0.001, 0), 0.03375971349802426)
((1, 31, 1e-06, 0), 0.03204519119441042)
((1, 33, 1e-06, 0), 0.030893494315073045)
((1, 31, 1e-09, 0), 0.6240975404269025)
((1, 31, 1e-07, 0), 0.03139184258003008)
((1, 33, 1e-08, 0), 0.03274728471938611)
((1, 31, 1e-05, 0), 0.03226267455127034)
((1, 31, 0.01, 0), 0.03476753028782144)
((1, 33, 0.1, 0), 0.03442161692009015)
((1, 31, 0.0001, 0), 0.03197174935427607)
((1, 33, 1e-09, 0), 1955937.9995432687)
((1, 31, 0.1, 0), 0.03467149843753024)
((1, 33, 1e-12, 0), 1.00148942976962e+290)
((1, 33, 1e-07, 0), 0.030651849962267257)
((1, 33, 1e-11, 0), 1.1065036197316526e+137)
((1, 32, 0.0001, 0), 0.03146886672050731)
((1, 32, 1e-13, 0), nan)
((1, 31, 1e-14, 0), nan)
((1, 33, 1e-14, 0), nan)
((1, 31, 1e-13, 0), nan)
((1, 33, 1e-13, 0), nan)
((1, 33, 1e-15, 0), nan)
((1, 33, 0.0001, 0), 0.031243466146045284)
((1, 33, 0.01, 0), 0.03346661364144667)
((1, 33, 1e-05, 0), 0.031017373260999813)
((1, 33, 1e-10, 0), 1.345909744950883e+33)
((1, 33, 0.001, 0), 0.03083959596469133)
((1, 34, 1e-15, 0), nan)
((1, 34, 1e-14, 0), nan)
((1, 34, 1e-13, 0), nan)
((1, 34, 1e-12, 0), 4.793395103031773e+297)
((1, 34, 1e-11, 0), 2.1764835576855173e+127)
((1, 34, 1e-08, 0), 0.031399017399394616)
((1, 34, 1e-09, 0), 0.1409563704342804)
((1, 34, 1e-10, 0), 2.2680642749554418e+38)
((1, 34, 0.01, 0), 0.03196760031397388)
((1, 34, 0.001, 0), 0.030441133179813912)
((1, 34, 1e-05, 0), 0.03076053212959946)
((1, 34, 1e-07, 0), 0.03144021422890293)
((1, 35, 1e-09, 0), 1262.0054215546133)
((1, 35, 1e-07, 0), 0.032725498668120426)
((1, 34, 0.1, 0), 0.034090297498997967)
((1, 34, 1e-06, 0), 0.031206931663537968)
((1, 35, 1e-08, 0), 0.03338827865413425)
((1, 36, 0.001, 0), 0.03075461018077072)
((1, 35, 1e-06, 0), 0.03215565116899073)
((1, 35, 1e-10, 0), 2.5276977559661696e+62)
((1, 35, 0.1, 0), 0.03341770334433795)
((1, 36, 1e-06, 0), 0.03354086931774027)
((1, 36, 1e-05, 0), 0.0326558558224417)
((1, 36, 1e-07, 0), 0.03403951483887076)
((1, 35, 0.0001, 0), 0.030601792249052063)
((1, 36, 0.0001, 0), 0.031140557496911036)
((1, 34, 0.0001, 0), 0.030843960622793005)
((1, 36, 1e-10, 0), 1.5629615117140128e+70)
((1, 35, 1e-05, 0), 0.031402846862049284)
((1, 36, 1e-12, 0), inf)
((1, 36, 1e-14, 0), nan)
((1, 36, 1e-11, 0), 1.0804388474462447e+172)
((1, 36, 1e-15, 0), nan)
((1, 36, 0.1, 0), 0.032496668501755296)
((1, 36, 1e-13, 0), nan)
((1, 35, 1e-11, 0), 2.982169419468299e+143)
((1, 37, 1e-12, 0), inf)
((1, 35, 0.001, 0), 0.030513753484155155)
((1, 35, 1e-15, 0), nan)
((1, 37, 1e-15, 0), nan)
((1, 35, 0.01, 0), 0.030747116519999302)
((1, 35, 1e-12, 0), 1.913086332599966e+269)
((1, 37, 1e-14, 0), nan)
((1, 35, 1e-14, 0), nan)
((1, 35, 1e-13, 0), nan)
((1, 37, 1e-13, 0), nan)
((1, 37, 1e-11, 0), 3.2161694578990874e+147)
((1, 36, 1e-08, 0), 0.03968254631345378)
((1, 36, 0.01, 0), 0.030214708743564227)
((1, 36, 1e-09, 0), 717.5995652178057)
((1, 37, 1e-10, 0), 3.987271676613061e+54)
((1, 37, 1e-09, 0), 7.980351424948312)
((1, 37, 1e-08, 0), 0.03497797935741688)
((1, 37, 1e-07, 0), 0.034953863141086505)
((1, 37, 1e-06, 0), 0.03485427786152055)
((1, 37, 0.1, 0), 0.031618797517749174)
((1, 37, 0.001, 0), 0.031249120904153972)
((1, 37, 1e-05, 0), 0.03405801782315967)
((1, 38, 1e-08, 0), 0.03487443811568247)
((1, 38, 0.001, 0), 0.03219540546679208)
((1, 37, 0.01, 0), 0.030448470830547893)
((1, 38, 1e-06, 0), 0.03541014139485595)
((1, 37, 0.0001, 0), 0.03256836501961015)
((1, 38, 0.1, 0), 0.03110204048171572)
((1, 38, 1e-15, 0), nan)
((1, 38, 1e-09, 0), 21.794948615325755)
((1, 38, 1e-05, 0), 0.035019012085064895)
((1, 38, 1e-07, 0), 0.035369549257189874)
((1, 38, 1e-12, 0), 5.401861640029283e+261)
((1, 38, 1e-13, 0), nan)
((1, 38, 0.0001, 0), 0.03411971260525117)
((1, 39, 1e-05, 0), 0.03551928108873846)
((1, 39, 1e-06, 0), 0.03573027172974036)
((1, 39, 0.01, 0), 0.03240142922081683)
((1, 38, 1e-10, 0), 6.471476207793927e+54)
((1, 38, 1e-11, 0), 6.400499459694355e+185)
((1, 40, 1e-12, 0), inf)
((1, 39, 1e-10, 0), 3.95187107279332e+66)
((1, 38, 1e-14, 0), nan)
((1, 39, 1e-11, 0), 2.770336861549392e+152)
((1, 40, 1e-10, 0), 3.163755569483878e+58)
((1, 39, 1e-12, 0), inf)
((1, 39, 1e-09, 0), 0.30424001877322804)
((1, 40, 1e-11, 0), 3.700796759171692e+188)
((1, 39, 1e-08, 0), 0.037739899574015995)
((1, 39, 0.001, 0), 0.03349457294570542)
((1, 40, 1e-14, 0), nan)
((1, 38, 0.01, 0), 0.03128106521341132)
((1, 39, 1e-13, 0), nan)
((1, 39, 1e-07, 0), 0.03593914481042709)
((1, 39, 0.0001, 0), 0.035077343734744894)
((1, 39, 0.1, 0), 0.031134924165771162)
((1, 40, 1e-15, 0), nan)
((1, 40, 1e-09, 0), 328464866.4120253)
((1, 40, 1e-13, 0), nan)
((1, 39, 1e-14, 0), nan)
((1, 39, 1e-15, 0), nan)
((1, 40, 1e-08, 0), 0.03863219514000323)
((1, 40, 1e-07, 0), 0.03543422394466238)
((1, 40, 1e-06, 0), 0.0357936516609881)
((1, 40, 0.001, 0), 0.03469334145029152)
((1, 40, 0.1, 0), 0.03172538788481592)
((1, 40, 0.01, 0), 0.033502514124434835)
((1, 40, 1e-05, 0), 0.03569806417337996)
((1, 40, 0.0001, 0), 0.035414236064320585)
((1, 41, 1e-12, 0), inf)
((1, 41, 1e-06, 0), 0.035259228991331104)
((1, 41, 1e-11, 0), 5.461127601117463e+154)
((1, 41, 0.01, 0), 0.03439226897063492)
((1, 41, 1e-09, 0), 135.00846477429363)
((1, 41, 1e-15, 0), nan)
((1, 41, 1e-10, 0), 3.1241619191313204e+65)
((1, 41, 0.001, 0), 0.03533601581550255)
((1, 41, 1e-14, 0), nan)
((1, 42, 1e-07, 0), 0.03387180056188156)
((1, 41, 1e-05, 0), 0.035506154734649645)
((1, 42, 1e-14, 0), nan)
((1, 41, 0.0001, 0), 0.03542107818387025)
((1, 42, 1e-12, 0), inf)
((1, 42, 1e-09, 0), 20.069787243189317)
((1, 42, 1e-06, 0), 0.034518548564731605)
((1, 42, 0.01, 0), 0.034981929758274855)
((1, 42, 0.001, 0), 0.035323964265346244)
((1, 41, 0.1, 0), 0.03272111546408914)
((1, 42, 1e-08, 0), 0.03591242263647093)
((1, 41, 1e-08, 0), 0.03626713568412708)
((1, 42, 1e-05, 0), 0.034918942083842365)
((1, 42, 1e-11, 0), 2.708154181354057e+111)
((1, 43, 1e-07, 0), 0.033954597717352694)
((1, 42, 0.0001, 0), 0.03514639142136846)
((1, 41, 1e-13, 0), nan)
((1, 42, 1e-10, 0), 1.622613063001509e+55)
((1, 42, 0.1, 0), 0.03385979421048704)
((1, 43, 1e-12, 0), inf)
((1, 43, 1e-05, 0), 0.03431126989909379)
((1, 43, 1e-08, 0), 0.034711848356909304)
((1, 43, 1e-11, 0), 3.8238562172801135e+152)
((1, 43, 1e-15, 0), nan)
((1, 43, 1e-14, 0), nan)
((1, 42, 1e-15, 0), nan)
((1, 41, 1e-07, 0), 0.03465333831509247)
((1, 42, 1e-13, 0), nan)
((1, 43, 0.0001, 0), 0.03456190912450013)
((1, 43, 1e-09, 0), 10.078484535757873)
((1, 43, 1e-10, 0), 3.1511936604832725e+50)
((1, 43, 1e-06, 0), 0.03411628075922156)
((1, 43, 1e-13, 0), nan)
((1, 43, 0.001, 0), 0.034879742730412416)
((1, 43, 0.01, 0), 0.03522463721233878)
((1, 44, 1e-15, 0), nan)
((1, 44, 1e-14, 0), nan)
((1, 44, 1e-13, 0), nan)
((1, 43, 0.1, 0), 0.03485332682162927)
((1, 44, 1e-11, 0), 3.5546544329894463e+171)
((1, 44, 1e-12, 0), inf)
((1, 44, 1e-09, 0), 10009068.310929457)
((1, 44, 0.0001, 0), 0.033985191979733674)
((1, 44, 1e-05, 0), 0.03405435291880572)
((1, 44, 1e-06, 0), 0.03407755050841497)
((1, 44, 0.01, 0), 0.03510949902556177)
((1, 44, 0.001, 0), 0.03429737936778499)
((1, 44, 1e-08, 0), 0.035762960422332735)
((1, 44, 0.1, 0), 0.03548039350385029)
((1, 44, 1e-10, 0), 3.781680392173898e+50)
((1, 44, 1e-07, 0), 0.033666508439728716)
((1, 45, 1e-06, 0), 0.03405453504789996)
((1, 45, 1e-09, 0), 4347.650219138572)
((1, 45, 1e-12, 0), 2.6708253973958007e+287)
((1, 45, 1e-14, 0), nan)
((1, 45, 1e-07, 0), 0.03389182461020575)
((1, 45, 1e-05, 0), 0.033995434785842285)
((1, 45, 1e-13, 0), nan)
((1, 46, 1e-09, 0), 12.205085255902649)
((1, 46, 1e-06, 0), 0.03400568994901567)
((1, 46, 0.0001, 0), 0.03361230090135303)
((1, 46, 1e-07, 0), 0.033889055543698234)
((1, 45, 0.01, 0), 0.03471604427689111)
((1, 45, 1e-11, 0), 4.193368721913801e+140)
((1, 46, 1e-10, 0), 1.2536212668446292e+46)
((1, 46, 1e-08, 0), 0.03922787226019546)
((1, 45, 1e-10, 0), 3.5163476512724537e+40)
((1, 45, 0.1, 0), 0.035647991801194136)
((1, 46, 1e-15, 0), nan)
((1, 46, 1e-11, 0), 6.341730103517923e+195)
((1, 46, 1e-12, 0), inf)
((1, 45, 1e-08, 0), 0.03375829354983852)
((1, 45, 1e-15, 0), nan)
((1, 45, 0.0001, 0), 0.03370101910427575)
((1, 45, 0.001, 0), 0.03380307984679207)
((1, 46, 0.1, 0), 0.035414623642959976)
((1, 46, 1e-14, 0), nan)
((1, 46, 0.01, 0), 0.03423853848869975)
((1, 46, 0.001, 0), 0.03351165341262098)
((1, 46, 1e-13, 0), nan)
((1, 46, 1e-05, 0), 0.03395328120416951)
((1, 47, 1e-15, 0), nan)
((1, 47, 1e-14, 0), nan)
((1, 47, 1e-11, 0), 6.707494072097547e+159)
((1, 47, 1e-09, 0), 8.257832849651434)
((1, 47, 1e-10, 0), 1.3557419453746113e+40)
((1, 47, 1e-13, 0), nan)
((1, 47, 1e-12, 0), inf)
((1, 47, 1e-08, 0), 0.03304989309544315)
((1, 47, 1e-07, 0), 0.03382113535144444)
((1, 47, 1e-06, 0), 0.03390262296699233)
((1, 48, 1e-12, 0), inf)
((1, 48, 0.01, 0), 0.033724250029061736)
((1, 48, 1e-06, 0), 0.03378572399649367)
((1, 48, 1e-07, 0), 0.03361757986974257)
((1, 48, 1e-05, 0), 0.03375806969482331)
((1, 48, 0.1, 0), 0.034545360403359086)
((1, 48, 1e-11, 0), 1.2253266278398743e+180)
((1, 48, 1e-10, 0), 6.942233468707616e+54)
((1, 47, 1e-05, 0), 0.03388402663582358)
((1, 49, 1e-08, 0), 0.030647962181694643)
((1, 48, 0.001, 0), 0.03330067733033827)
((1, 49, 1e-06, 0), 0.03378721667515403)
((1, 47, 0.1, 0), 0.03496896840795496)
((1, 49, 1e-05, 0), 0.03366422429894242)
((1, 47, 0.001, 0), 0.03339084140060587)
((1, 49, 1e-11, 0), 2.7965696075514723e+181)
((1, 49, 1e-10, 0), 6.655161840583946e+70)
((1, 48, 1e-09, 0), 3.0971857415918964)
((1, 48, 0.0001, 0), 0.033479491016602594)
((1, 49, 0.001, 0), 0.03317669116713132)
((1, 48, 1e-08, 0), 0.031825682164530356)
((1, 50, 1e-12, 0), inf)
((1, 48, 1e-14, 0), nan)
((1, 49, 0.1, 0), 0.03429095847027221)
((1, 49, 1e-12, 0), 7.3982633558420015e+283)
((1, 49, 0.0001, 0), 0.033404055052482076)
((1, 50, 1e-09, 0), 88126010.58029674)
((1, 48, 1e-15, 0), nan)
((1, 50, 1e-10, 0), 6.038187191365858e+35)
((1, 47, 0.01, 0), 0.03388875956378769)
((1, 49, 0.01, 0), 0.033611105943180286)
((1, 48, 1e-13, 0), nan)
((1, 49, 1e-13, 0), nan)
((1, 50, 1e-11, 0), 1.759064320046457e+154)
((1, 49, 1e-09, 0), 4095894.1985420724)
((1, 49, 1e-14, 0), nan)
((1, 50, 1e-14, 0), nan)
((1, 50, 1e-15, 0), nan)
((1, 50, 1e-13, 0), nan)
((1, 49, 1e-07, 0), 0.03357531416654836)
((1, 47, 0.0001, 0), 0.033556135440848935)
((1, 49, 1e-15, 0), nan)
((1, 50, 1e-08, 0), 0.03616256004065943)
((1, 50, 1e-07, 0), 0.03289675428147855)
((1, 50, 1e-06, 0), 0.03352588782327538)
((1, 50, 1e-05, 0), 0.0335795825908437)
((1, 50, 0.0001, 0), 0.03334864735070699)
((1, 50, 0.001, 0), 0.033070852838464615)
((1, 50, 0.1, 0), 0.03417770274064445)
((1, 50, 0.01, 0), 0.033422568995365595)
((1, 51, 1e-12, 0), inf)
((1, 51, 1e-15, 0), nan)
((1, 51, 0.001, 0), 0.0329957545955238)
((1, 51, 0.1, 0), 0.034060108584112195)
((1, 51, 1e-07, 0), 0.03310077908751324)
((1, 51, 0.0001, 0), 0.03325054377687318)
((1, 51, 1e-09, 0), 38.89833247523218)
((1, 53, 1e-08, 0), 0.04898575771205602)
((1, 51, 0.01, 0), 0.033190300365984984)
((1, 51, 1e-10, 0), 1.5411168852547983e+58)
((1, 53, 1e-09, 0), 19.60990775775967)
((1, 51, 1e-06, 0), 0.033090995017481965)
((1, 51, 1e-08, 0), 0.03152775847554125)
((1, 51, 1e-11, 0), 6.287810883518928e+179)
((1, 53, 1e-13, 0), nan)
((1, 53, 1e-07, 0), 0.03362512272988869)
((1, 51, 1e-05, 0), 0.03329325253047971)
((1, 53, 1e-11, 0), 1.3870605695547648e+165)
((1, 53, 1e-15, 0), nan)
((1, 53, 1e-10, 0), 1.1421081510486628e+42)
((1, 53, 1e-06, 0), 0.034173859389754174)
((1, 51, 1e-14, 0), nan)
((1, 51, 1e-13, 0), nan)
((1, 53, 1e-05, 0), 0.03324676494521858)
((1, 53, 1e-12, 0), inf)
((1, 53, 1e-14, 0), nan)
((1, 53, 0.0001, 0), 0.03278841632582135)
((1, 53, 0.001, 0), 0.03280646276754986)
((1, 53, 0.01, 0), 0.03283640970780415)
((1, 53, 0.1, 0), 0.03352882447173415)
((1, 54, 1e-15, 0), nan)
((1, 54, 1e-14, 0), nan)
((1, 54, 1e-13, 0), nan)
((1, 54, 1e-11, 0), 1.0307104414456318e+183)
((1, 54, 1e-12, 0), nan)
((1, 52, 1e-09, 0), 14185310.672439534)
((1, 52, 1e-07, 0), 0.03385932869624855)
((1, 52, 1e-08, 0), 0.038215489756049735)
((1, 52, 1e-11, 0), 1.1345136501387583e+178)
((1, 52, 1e-10, 0), 3.5501969562760304e+43)
((1, 52, 0.0001, 0), 0.03301180024478242)
((1, 52, 0.001, 0), 0.03292421320173687)
((1, 52, 0.01, 0), 0.032988196804932826)
((1, 52, 0.1, 0), 0.0338359985359193)
((1, 52, 1e-06, 0), 0.03330003628132753)
((1, 52, 1e-15, 0), nan)
((1, 52, 1e-05, 0), 0.03297834487002187)
((1, 52, 1e-12, 0), inf)
((1, 52, 1e-13, 0), nan)
((1, 52, 1e-14, 0), nan)
((1, 54, 1e-10, 0), 2.4452708276527997e+44)
((1, 54, 1e-07, 0), 0.03369515653285132)
((1, 54, 1e-08, 0), 0.03569943630602804)
((1, 54, 1e-06, 0), 0.03422220450640491)
((1, 54, 1e-05, 0), 0.03403451662643291)
((1, 54, 0.01, 0), 0.032756219424674965)
((1, 54, 0.0001, 0), 0.03298053763068313)
((1, 54, 0.001, 0), 0.03265948727544708)
((1, 54, 1e-09, 0), 2086869205345.5337)
((1, 54, 0.1, 0), 0.03321919959351115)
((1, 55, 0.0001, 0), 0.03357307405633879)
((1, 55, 1e-09, 0), 0.4779869502986217)
((1, 55, 0.001, 0), 0.032674519499089394)
((1, 55, 1e-12, 0), inf)
((1, 55, 1e-11, 0), 6.704461943763041e+152)
((1, 55, 1e-06, 0), 0.03317842898918414)
((1, 55, 1e-08, 0), 0.042199886246037085)
((1, 55, 1e-07, 0), 0.03290552460361407)
((1, 55, 1e-13, 0), nan)
((1, 55, 1e-05, 0), 0.03407837127390069)
((1, 55, 1e-10, 0), 5.320491023720344e+80)
((1, 55, 1e-14, 0), nan)
((1, 55, 0.01, 0), 0.03276731201942201)
((1, 55, 1e-15, 0), nan)
((1, 56, 1e-14, 0), nan)
((1, 55, 0.1, 0), 0.03297208762164754)
((1, 56, 1e-15, 0), nan)
((1, 56, 1e-12, 0), inf)
((1, 56, 1e-11, 0), 2.6372884129976075e+183)
((1, 56, 1e-13, 0), nan)
((1, 56, 1e-10, 0), 2.849980750285461e+39)
((1, 56, 1e-09, 0), 31672.30187735926)
((1, 56, 1e-08, 0), 0.030145955882571573)
((1, 56, 1e-06, 0), 0.031517971098387325)
((1, 56, 1e-07, 0), 0.030613178609437998)
((1, 56, 1e-05, 0), 0.03263110655536152)
((1, 56, 0.1, 0), 0.03284958897000532)
((1, 56, 0.0001, 0), 0.03364046099358449)
((1, 56, 0.01, 0), 0.03284916168130515)
((1, 57, 1e-12, 0), inf)
((1, 57, 1e-11, 0), 4.516729306276701e+193)
((1, 56, 0.001, 0), 0.03294483315545441)
((1, 57, 1e-09, 0), 78507011612.01175)
((1, 57, 1e-15, 0), nan)
((1, 57, 1e-13, 0), nan)
((1, 57, 1e-10, 0), 1.2196514758427858e+63)
((1, 57, 1e-07, 0), 0.028121623270935113)
((1, 57, 1e-06, 0), 0.029420266468089838)
((1, 57, 1e-14, 0), nan)
((1, 57, 1e-08, 0), 0.034655847978533924)
((1, 57, 0.1, 0), 0.03289842167006854)
((1, 57, 0.0001, 0), 0.032278695900337065)
((1, 57, 1e-05, 0), 0.030429730030753506)
((1, 57, 0.01, 0), 0.03292392484972126)
((1, 57, 0.001, 0), 0.03303475524247062)
((1, 58, 1e-10, 0), 7.340903352842451e+74)
((1, 58, 1e-09, 0), 119739392.74824731)
((1, 58, 1e-06, 0), 0.02756973057349581)
((1, 58, 1e-07, 0), 0.02700883473550007)
((1, 58, 1e-05, 0), 0.02843404729242822)
((1, 58, 0.0001, 0), 0.029858649919021162)
((1, 58, 0.1, 0), 0.033061939940162335)
((1, 58, 0.01, 0), 0.032797058731748464)
((1, 58, 0.001, 0), 0.032159045626264295)
((1, 58, 1e-08, 0), 0.029084851914437642)
((1, 58, 1e-12, 0), inf)
((1, 59, 1e-12, 0), inf)
((1, 59, 1e-11, 0), 3.4258217280996456e+161)
((1, 58, 1e-13, 0), nan)
((1, 58, 1e-11, 0), 8.016468232599847e+128)
((1, 58, 1e-14, 0), nan)
((1, 59, 1e-15, 0), nan)
((1, 58, 1e-15, 0), nan)
((1, 59, 1e-10, 0), 6.733476226997963e+46)
((1, 59, 1e-14, 0), nan)
((1, 59, 1e-13, 0), nan)
((1, 59, 1e-09, 0), 6300.463496508556)
((1, 59, 1e-06, 0), 0.026448131582041935)
((1, 59, 1e-07, 0), 0.02620171808256113)
((1, 59, 1e-08, 0), 0.030842634686359484)
((1, 59, 1e-05, 0), 0.026939030398843676)
((1, 59, 0.0001, 0), 0.027622966008018314)
((1, 59, 0.001, 0), 0.030074618417142616)
((1, 59, 0.01, 0), 0.03214457496195985)
((1, 60, 1e-09, 0), 0.06192856549535451)
((1, 59, 0.1, 0), 0.03313029018532485)
((1, 60, 1e-10, 0), 4.45674134445933e+76)
((1, 60, 1e-06, 0), 0.025418186548852428)
((1, 60, 1e-12, 0), inf)
((1, 60, 1e-07, 0), 0.024405797031385464)
((1, 60, 1e-08, 0), 0.0253052351982611)
((1, 60, 1e-15, 0), nan)
((1, 60, 1e-11, 0), 1.1619447637196945e+169)
((1, 60, 1e-14, 0), nan)
((1, 60, 1e-05, 0), 0.025785336277943872)
((1, 60, 1e-13, 0), nan)
((1, 60, 0.0001, 0), 0.026153013509995306)
((1, 60, 0.001, 0), 0.027586359226813323)
((1, 60, 0.01, 0), 0.03071664560324678)
((1, 60, 0.1, 0), 0.03281061797856429)
((1, 61, 1e-07, 0), 0.023257219551547484)
((1, 61, 1e-08, 0), 0.020920996772155954)
((1, 61, 1e-12, 0), inf)
((1, 61, 1e-10, 0), 4.562203514260703e+62)
((1, 61, 1e-11, 0), 1.5202392591720655e+216)
((1, 61, 1e-15, 0), nan)
((1, 62, 1e-06, 0), 0.023054700019226403)
((1, 61, 1e-05, 0), 0.024678676210113538)
((1, 61, 1e-06, 0), 0.024115522387843414)
((1, 61, 1e-14, 0), nan)
((1, 61, 0.001, 0), 0.0256763251460571)
((1, 61, 0.1, 0), 0.03188139954261304)
((1, 62, 1e-10, 0), 7.675495772826228e+47)
((1, 62, 1e-11, 0), 1.0362039869000655e+203)
((1, 61, 1e-09, 0), 107616.0776426072)
((1, 62, 1e-05, 0), 0.02354065324245761)
((1, 62, 1e-08, 0), 0.024170805864284634)
((1, 62, 1e-07, 0), 0.022628938891633733)
((1, 62, 1e-09, 0), 1088.311150600834)
((1, 61, 1e-13, 0), nan)
((1, 61, 0.0001, 0), 0.025130533596670633)
((1, 62, 1e-14, 0), nan)
((1, 62, 1e-12, 0), inf)
((1, 61, 0.01, 0), 0.028668432692161648)
((1, 62, 1e-15, 0), nan)
((1, 62, 1e-13, 0), nan)
((1, 62, 0.0001, 0), 0.02409172317677904)
((1, 62, 0.001, 0), 0.024505724653748995)
((1, 62, 0.1, 0), 0.030337601759763706)
((1, 62, 0.01, 0), 0.02656160460100281)
((1, 63, 1e-15, 0), nan)
((1, 63, 1e-14, 0), nan)
((1, 64, 1e-14, 0), nan)
((1, 63, 1e-08, 0), 0.026810924182077596)
((1, 63, 1e-06, 0), 0.02276484588574454)
((1, 64, 1e-15, 0), nan)
((1, 63, 1e-07, 0), 0.022742599096703987)
((1, 63, 1e-13, 0), nan)
((1, 63, 0.01, 0), 0.02487679993253223)
((1, 63, 0.1, 0), 0.02843095432914583)
((1, 63, 0.001, 0), 0.02367547959676166)
((1, 63, 1e-05, 0), 0.02269498046344518)
((1, 63, 1e-11, 0), 8.850804176555171e+199)
((1, 63, 1e-12, 0), inf)
((1, 64, 1e-11, 0), 1.346026622938845e+135)
((1, 64, 1e-12, 0), inf)
((1, 64, 1e-13, 0), nan)
((1, 63, 0.0001, 0), 0.02300557859487968)
((1, 63, 1e-10, 0), 1.1894441815438273e+67)
((1, 63, 1e-09, 0), 982865.4525265672)
((1, 64, 0.1, 0), 0.02653790123530662)
((1, 64, 1e-08, 0), 0.02151104549221282)
((1, 64, 1e-06, 0), 0.0228814426934661)
((1, 64, 1e-10, 0), 4.6206405533094323e+36)
((1, 64, 0.001, 0), 0.02286636775790226)
((1, 64, 1e-05, 0), 0.022455303007213004)
((1, 64, 1e-09, 0), 312.0115556733911)
((1, 64, 0.01, 0), 0.023705823475723864)
((1, 64, 1e-07, 0), 0.02274573893738426)
((1, 64, 0.0001, 0), 0.022228378521187735)
((1, 65, 1e-06, 0), 0.022616294620191286)
((1, 65, 0.0001, 0), 0.021942936131127834)
((1, 65, 0.1, 0), 0.024942870588206805)
((1, 65, 1e-12, 0), inf)
((1, 65, 1e-08, 0), 0.02791717010652861)
((1, 65, 0.01, 0), 0.022916123257899414)
((1, 65, 1e-07, 0), 0.02220800556229919)
((1, 65, 0.001, 0), 0.02212840276957249)
((1, 65, 1e-15, 0), nan)
((1, 66, 1e-15, 0), nan)
((1, 65, 1e-11, 0), 1.436289256151816e+169)
((1, 65, 1e-05, 0), 0.022506260811107737)
((1, 65, 1e-13, 0), nan)
((1, 65, 1e-14, 0), nan)
((1, 65, 1e-09, 0), 30313.43931608626)
((1, 65, 1e-10, 0), 1.048967920105119e+69)
((1, 66, 1e-14, 0), nan)
((1, 66, 1e-11, 0), 1.0040273278807102e+173)
((1, 66, 1e-12, 0), inf)
((1, 66, 1e-13, 0), nan)
((1, 66, 0.01, 0), 0.02235877670166641)
((1, 66, 0.1, 0), 0.02374382141383812)
((1, 66, 1e-10, 0), 4.1514970832799254e+70)
((1, 67, 1e-09, 0), 35.10849619411842)
((1, 67, 1e-08, 0), 0.025284959807420942)
((1, 66, 1e-08, 0), 0.025325549734930952)
((1, 66, 1e-05, 0), 0.022195443056917803)
((1, 66, 0.0001, 0), 0.021894286343481416)
((1, 67, 1e-14, 0), nan)
((1, 66, 1e-06, 0), 0.02188773671893217)
((1, 66, 1e-07, 0), 0.021627889301757283)
((1, 67, 1e-07, 0), 0.021150761683733685)
((1, 67, 1e-15, 0), nan)
((1, 67, 1e-06, 0), 0.02128606699211232)
((1, 67, 1e-11, 0), 1.557334157923541e+154)
((1, 67, 1e-10, 0), 6.001506782893884e+53)
((1, 66, 1e-09, 0), 3758.113658269102)
((1, 66, 0.001, 0), 0.021642825178028645)
((1, 67, 1e-13, 0), nan)
((1, 67, 1e-12, 0), nan)
((1, 67, 1e-05, 0), 0.021439633971163517)
((1, 67, 0.0001, 0), 0.02161528438742181)
((1, 67, 0.001, 0), 0.021395130352595847)
((1, 68, 1e-10, 0), 9.458026886510755e+43)
((1, 68, 1e-11, 0), 1.540363741459124e+198)
((1, 68, 1e-12, 0), inf)
((1, 68, 1e-14, 0), nan)
((1, 68, 1e-09, 0), 3054.6378788460224)
((1, 68, 1e-08, 0), 0.028899160010734604)
((1, 68, 1e-13, 0), nan)
((1, 68, 1e-15, 0), nan)
((1, 68, 0.1, 0), 0.022340922405800687)
((1, 68, 0.0001, 0), 0.020964798667896627)
((1, 67, 0.1, 0), 0.022906164564642107)
((1, 68, 0.001, 0), 0.02115614381405389)
((1, 68, 1e-07, 0), 0.020599667997426137)
((1, 68, 0.01, 0), 0.021574882907432587)
((1, 67, 0.01, 0), 0.021934858392032266)
((1, 68, 1e-05, 0), 0.020787054715065527)
((1, 69, 1e-12, 0), nan)
((1, 69, 1e-13, 0), nan)
((1, 69, 1e-15, 0), nan)
((1, 69, 1e-14, 0), nan)
((1, 68, 1e-06, 0), 0.020803718363875533)
((1, 69, 1e-11, 0), 1.2637674845145208e+148)
((1, 69, 1e-10, 0), 3.161736530824026e+48)
((1, 69, 1e-06, 0), 0.02039893213334256)
((1, 69, 1e-07, 0), 0.020188613323028973)
((1, 69, 1e-08, 0), 0.019385428373059482)
((1, 69, 1e-09, 0), 22.33468137693116)
((1, 69, 1e-05, 0), 0.02037259610551668)
((1, 69, 0.0001, 0), 0.020281129259657662)
((1, 69, 0.01, 0), 0.021206770240081007)
((1, 69, 0.1, 0), 0.02194315265271486)
((1, 70, 1e-09, 0), 8.152930728691699)
((1, 70, 1e-07, 0), 0.020262979112215234)
((1, 70, 1e-15, 0), nan)
((1, 70, 1e-14, 0), nan)
((1, 70, 1e-12, 0), inf)
((1, 70, 1e-05, 0), 0.020059982026481127)
((1, 70, 1e-08, 0), 0.023156046106315414)
((1, 70, 1e-06, 0), 0.02013631926615269)
((1, 70, 1e-10, 0), 7.78391672728975e+63)
((1, 70, 1e-11, 0), 3.0704720378339295e+172)
((1, 70, 1e-13, 0), nan)
((1, 69, 0.001, 0), 0.020705254543618108)
((1, 70, 0.0001, 0), 0.01982232125990416)
((1, 70, 0.001, 0), 0.020094648656982843)
((1, 70, 0.01, 0), 0.020771431949342646)
((1, 70, 0.1, 0), 0.021605879590628062)
((1, 71, 1e-08, 0), 0.02282909310307455)
((1, 71, 1e-12, 0), nan)
((1, 71, 1e-15, 0), nan)
((1, 71, 1e-13, 0), nan)
((1, 71, 1e-05, 0), 0.019871079391648002)
((1, 71, 1e-09, 0), 9.609201713106872)
((1, 71, 1e-07, 0), 0.020237510473953686)
((1, 71, 1e-14, 0), nan)
((1, 72, 1e-11, 0), 5.6560349803874724e+163)
((1, 71, 0.01, 0), 0.02027465393093017)
((1, 71, 0.001, 0), 0.019569732029920073)
((1, 71, 0.0001, 0), 0.019572859740239274)
((1, 72, 1e-10, 0), 1.0583701368311841e+36)
((1, 71, 1e-06, 0), 0.02010910257354116)
((1, 72, 1e-09, 0), 536.8206805426657)
((1, 72, 1e-15, 0), nan)
((1, 71, 0.1, 0), 0.021242016832188897)
((1, 72, 1e-06, 0), 0.020112606701126877)
((1, 72, 1e-14, 0), nan)
((1, 72, 1e-08, 0), 0.02327822007228573)
((1, 72, 1e-05, 0), 0.019837598229695268)
((1, 71, 1e-11, 0), 2.69645182777884e+225)
((1, 71, 1e-10, 0), 1.0064408236564682e+41)
((1, 72, 1e-12, 0), inf)
((1, 72, 1e-07, 0), 0.019651814468797248)
((1, 72, 1e-13, 0), nan)
((1, 72, 0.01, 0), 0.019801208233104852)
((1, 72, 0.0001, 0), 0.019458743982605237)
((1, 72, 0.001, 0), 0.01927078991245946)
((1, 72, 0.1, 0), 0.020817280306831755)
((1, 73, 1e-14, 0), nan)
((1, 73, 1e-15, 0), nan)
((1, 73, 1e-12, 0), inf)
((1, 73, 1e-11, 0), 6.176432211320582e+170)
((1, 73, 1e-10, 0), 7.584588011181341e+77)
((1, 73, 1e-08, 0), 0.026392197918064093)
((1, 73, 1e-07, 0), 0.020259164536817018)
((1, 73, 1e-13, 0), nan)
((1, 73, 1e-05, 0), 0.01987356949700997)
((1, 73, 1e-09, 0), 35.05989756776562)
((1, 73, 0.0001, 0), 0.019438276532735502)
((1, 73, 1e-06, 0), 0.020116260315661705)
((1, 73, 0.1, 0), 0.020366702376962628)
((1, 73, 0.01, 0), 0.019453184701476667)
((1, 73, 0.001, 0), 0.01916253175431233)
((1, 74, 1e-15, 0), nan)
((1, 74, 1e-13, 0), nan)
((1, 74, 1e-14, 0), nan)
((1, 74, 1e-12, 0), inf)
((1, 74, 1e-11, 0), 5.3145321884747105e+280)
((1, 74, 1e-08, 0), 0.021652515529761614)
((1, 74, 1e-09, 0), 0.07542702054362438)
((1, 74, 1e-07, 0), 0.020503419278728528)
((1, 74, 0.001, 0), 0.019160856656246127)
((1, 74, 1e-10, 0), 2.782624333896812e+60)
((1, 74, 1e-06, 0), 0.020215570684653312)
((1, 74, 1e-05, 0), 0.01992665923897367)
((1, 74, 0.0001, 0), 0.019477521594882082)
((1, 74, 0.01, 0), 0.01927363857959891)
((1, 74, 0.1, 0), 0.01997085339599487)
((1, 75, 1e-07, 0), 0.020728158462235018)
((1, 75, 0.001, 0), 0.019212018423128665)
((1, 75, 1e-15, 0), nan)
((1, 75, 1e-09, 0), 268.0810821226578)
((1, 75, 1e-13, 0), nan)
((1, 75, 1e-10, 0), 9.77502399521503e+38)
((1, 75, 0.0001, 0), 0.019554329116571366)
((1, 75, 1e-06, 0), 0.020372637082010443)
((1, 75, 1e-11, 0), 3.8461509805581294e+192)
((1, 75, 1e-14, 0), nan)
((1, 75, 1e-08, 0), 0.0274274357718849)
((1, 75, 1e-05, 0), 0.020040314272262195)
((1, 75, 1e-12, 0), nan)
((1, 75, 0.01, 0), 0.019236708395363504)
((1, 76, 1e-15, 0), nan)
((1, 75, 0.1, 0), 0.019702762335315992)
((1, 76, 1e-12, 0), nan)
((1, 76, 1e-14, 0), nan)
((1, 76, 1e-13, 0), nan)
((1, 76, 1e-11, 0), 5.709414414513917e+148)
((1, 76, 1e-09, 0), 102.18229863810105)
((1, 76, 1e-10, 0), 9.854387886148856e+33)
((1, 76, 1e-05, 0), 0.02019890628036999)
((1, 76, 0.0001, 0), 0.01967209827672597)
((1, 76, 0.001, 0), 0.019296093448498114)
((1, 76, 1e-08, 0), 0.023837106450206636)
((1, 76, 1e-07, 0), 0.020440455327809966)
((1, 76, 0.01, 0), 0.019286287117900335)
((1, 76, 1e-06, 0), 0.020531203543366888)
((1, 76, 0.1, 0), 0.019584994642227772)
((1, 77, 1e-14, 0), nan)
((1, 77, 1e-12, 0), nan)
((1, 77, 1e-15, 0), nan)
((1, 77, 1e-11, 0), 1.5213030155054716e+227)
((1, 77, 1e-13, 0), nan)
((1, 77, 1e-10, 0), 7.85769644956637e+24)
((1, 77, 1e-08, 0), 0.022477893043399835)
((1, 77, 1e-09, 0), 0.1526186105451988)
((1, 77, 1e-07, 0), 0.020497329604778056)
((1, 77, 1e-06, 0), 0.020653700951392007)
((1, 77, 1e-05, 0), 0.020333732366867113)
((1, 77, 0.0001, 0), 0.019823260812457617)
((1, 77, 0.001, 0), 0.019406350242133018)
((1, 77, 0.01, 0), 0.019366615007682008)
((1, 77, 0.1, 0), 0.019584770591132145)
((1, 78, 1e-10, 0), 4.013282202154634e+47)
((1, 78, 1e-05, 0), 0.020477094161807378)
((1, 78, 1e-06, 0), 0.02083855747598841)
((1, 78, 0.01, 0), 0.01944683777097229)
((1, 78, 1e-09, 0), 29.479371922192577)
((1, 78, 0.001, 0), 0.019541549847877215)
((1, 78, 0.0001, 0), 0.019972544829964273)
((1, 78, 1e-15, 0), nan)
((1, 78, 1e-14, 0), nan)
((1, 78, 1e-08, 0), 0.03053334135535432)
((1, 78, 1e-07, 0), 0.020850614722327382)
((1, 79, 1e-13, 0), nan)
((1, 78, 1e-12, 0), nan)
((1, 79, 1e-15, 0), nan)
((1, 78, 1e-13, 0), nan)
((1, 79, 1e-14, 0), nan)
((1, 78, 1e-11, 0), 1.6182470233089918e+225)
((1, 79, 1e-11, 0), 3.097542702330629e+136)
((1, 79, 1e-12, 0), inf)
((1, 79, 1e-10, 0), 8.915005458928422e+48)
((1, 78, 0.1, 0), 0.019640506038350977)
((1, 79, 1e-09, 0), 89.51181119002143)
((1, 79, 1e-08, 0), 0.023216183248129737)
((1, 79, 1e-07, 0), 0.020816154683798292)
((1, 79, 1e-06, 0), 0.020998203823355675)
((1, 80, 1e-13, 0), nan)
((1, 80, 1e-12, 0), nan)
((1, 79, 0.001, 0), 0.019710726266088958)
((1, 79, 0.0001, 0), 0.020117933696650464)
((1, 79, 1e-05, 0), 0.020675757248909514)
((1, 80, 1e-15, 0), nan)
((1, 80, 1e-10, 0), 1.355060504188914e+43)
((1, 79, 0.01, 0), 0.019546030290236088)
((1, 80, 1e-11, 0), 1.1675159386151294e+150)
((1, 80, 1e-08, 0), 0.022360514718130404)
((1, 80, 1e-14, 0), nan)
((1, 80, 1e-07, 0), 0.021023062288088624)
((1, 80, 1e-06, 0), 0.02087831264655295)
((1, 80, 1e-09, 0), 694.0292787937562)
((1, 79, 0.1, 0), 0.0197019254882483)
((1, 80, 0.01, 0), 0.019715102122181482)
((1, 80, 1e-05, 0), 0.020771191373916274)
((1, 80, 0.0001, 0), 0.020268894297704145)
((1, 80, 0.001, 0), 0.019909726716487625)
((1, 81, 1e-12, 0), nan)
((1, 81, 1e-15, 0), nan)
((1, 81, 1e-11, 0), 3.651786153568574e+228)
((1, 81, 1e-14, 0), nan)
((1, 81, 1e-13, 0), nan)
((1, 81, 1e-10, 0), 2.5494579906569755e+38)
((1, 81, 1e-09, 0), 10629.510065801336)
((1, 81, 0.01, 0), 0.01996319053091351)
((1, 81, 1e-08, 0), 0.028348003817112794)
((1, 81, 1e-07, 0), 0.020430230772077652)
((1, 81, 1e-06, 0), 0.02048802752836188)
((1, 81, 1e-05, 0), 0.020543405678385418)
((1, 81, 0.0001, 0), 0.020311454672035278)
((1, 81, 0.001, 0), 0.020072158063031694)
((1, 82, 1e-12, 0), inf)
((1, 80, 0.1, 0), 0.0197625987589308)
((1, 82, 1e-11, 0), 8.63579599029689e+215)
((1, 81, 0.1, 0), 0.019856527402571093)
((1, 82, 1e-14, 0), nan)
((1, 82, 1e-09, 0), 0.364336139420294)
((1, 82, 1e-10, 0), 3.9589543342123333e+31)
((1, 82, 1e-13, 0), nan)
((1, 82, 1e-08, 0), 0.022089926901808936)
((1, 82, 1e-07, 0), 0.02009491860141454)
((1, 82, 1e-15, 0), nan)
((1, 82, 1e-06, 0), 0.020256686592068675)
((1, 82, 1e-05, 0), 0.020183678360384164)
((1, 82, 0.0001, 0), 0.02011595626963806)
((1, 82, 0.001, 0), 0.020079508847219173)
((1, 82, 0.01, 0), 0.020202202348194212)
((1, 82, 0.1, 0), 0.02001281938724666)
((1, 83, 1e-12, 0), nan)
((1, 83, 1e-11, 0), 6.933047292619174e+178)
((1, 83, 1e-09, 0), 63.858943785151894)
((1, 83, 1e-08, 0), 0.019353587671466194)
((1, 83, 1e-13, 0), nan)
((1, 83, 0.1, 0), 0.020205927937395302)
((1, 83, 1e-10, 0), 4.651212092380002e+66)
((1, 83, 1e-07, 0), 0.02025439527713798)
((1, 83, 1e-05, 0), 0.02001406512418389)
((1, 83, 1e-14, 0), nan)
((1, 83, 1e-06, 0), 0.02020712678163413)
((1, 83, 1e-15, 0), nan)
((1, 83, 0.01, 0), 0.020289027753240787)
((1, 83, 0.0001, 0), 0.01982266134571182)
((1, 83, 0.001, 0), 0.019893353663421383)
((1, 84, 1e-15, 0), nan)
((1, 84, 1e-12, 0), nan)
((1, 84, 1e-13, 0), nan)
((1, 84, 1e-14, 0), nan)
((1, 84, 1e-10, 0), 7.7146698434361725e+56)
((1, 84, 1e-07, 0), 0.019755090245396935)
((1, 84, 1e-08, 0), 0.024005643058176485)
((1, 84, 1e-09, 0), 3.6949183367572025)
((1, 84, 1e-11, 0), 4.1727764867370915e+154)
((1, 84, 1e-06, 0), 0.02020680862367076)
((1, 84, 0.001, 0), 0.019638281969362514)
((1, 84, 0.0001, 0), 0.019652661089969124)
((1, 84, 1e-05, 0), 0.0200015726835934)
((1, 85, 1e-08, 0), 0.02499184917336314)
((1, 84, 0.1, 0), 0.020350730358385485)
((1, 85, 1e-14, 0), nan)
((1, 84, 0.01, 0), 0.020155204098976327)
((1, 85, 1e-05, 0), 0.019992657680200265)
((1, 85, 1e-07, 0), 0.020422900780855076)
((1, 85, 0.01, 0), 0.019882407380785703)
((1, 85, 1e-06, 0), 0.02014899731673555)
((1, 85, 1e-10, 0), 3.3009799187904376e+41)
((1, 85, 1e-13, 0), nan)
((1, 85, 1e-12, 0), nan)
((1, 85, 1e-09, 0), 6.858747988503245)
((1, 85, 1e-15, 0), nan)
((1, 85, 0.001, 0), 0.01945280755361606)
((1, 85, 0.0001, 0), 0.01960894524174352)
((1, 85, 1e-11, 0), 2.8559550486245943e+153)
((1, 85, 0.1, 0), 0.020353474056423966)
((1, 86, 1e-14, 0), nan)
((1, 86, 1e-13, 0), nan)
((1, 86, 1e-15, 0), nan)
((1, 86, 1e-12, 0), nan)
((1, 86, 1e-11, 0), 3.476985175805997e+251)
((1, 86, 1e-10, 0), 1.0063328645118825e+28)
((1, 86, 1e-09, 0), 1488.0348029920403)
((1, 86, 1e-07, 0), 0.019999602964137945)
((1, 86, 1e-08, 0), 0.018144732302224853)
((1, 86, 0.001, 0), 0.019361457898934974)
((1, 86, 1e-06, 0), 0.019992403059937276)
((1, 86, 0.1, 0), 0.02018019724455932)
((1, 86, 0.01, 0), 0.01961898859356419)
((1, 86, 1e-05, 0), 0.01989082462243331)
((1, 86, 0.0001, 0), 0.019601473667922927)
((1, 87, 1e-15, 0), nan)
((1, 87, 1e-14, 0), nan)
((1, 87, 1e-11, 0), 7.863564238823332e+215)
((1, 87, 1e-12, 0), nan)
((1, 87, 1e-13, 0), nan)
((1, 87, 1e-10, 0), 3.3377291642557094e+57)
((1, 87, 1e-07, 0), 0.020170932135509863)
((1, 87, 1e-08, 0), 0.024339017812167945)
((1, 87, 1e-09, 0), 648.4245660789826)
((1, 87, 1e-06, 0), 0.01994950881927724)
((1, 87, 0.01, 0), 0.01944876881751919)
((1, 87, 0.0001, 0), 0.019549155239117717)
((1, 87, 0.001, 0), 0.019324036777600584)
((1, 87, 1e-05, 0), 0.01979554080067631)
((1, 88, 1e-12, 0), nan)
((1, 88, 0.0001, 0), 0.019486221918391246)
((1, 88, 1e-08, 0), 0.020208777831741045)
((1, 88, 1e-11, 0), 1.1111401099351678e+248)
((1, 88, 1e-05, 0), 0.019792671099527825)
((1, 88, 1e-09, 0), 0.6678943421515405)
((1, 88, 1e-07, 0), 0.02006508194692375)
((1, 88, 1e-15, 0), nan)
((1, 88, 0.001, 0), 0.019297177779439185)
((1, 88, 1e-13, 0), nan)
((1, 88, 0.1, 0), 0.019598145214979795)
((1, 88, 0.01, 0), 0.01936870483635748)
((1, 88, 1e-06, 0), 0.020086780114404845)
((1, 87, 0.1, 0), 0.019890067059302553)
((1, 88, 1e-14, 0), nan)
((1, 88, 1e-10, 0), 1.0447352455894845e+83)
((1, 89, 1e-12, 0), nan)
((1, 89, 1e-15, 0), nan)
((1, 89, 1e-13, 0), nan)
((1, 89, 1e-14, 0), nan)
((1, 89, 1e-11, 0), 1.7195303649045286e+179)
((1, 89, 1e-06, 0), 0.020451504400928792)
((1, 89, 1e-07, 0), 0.020797098308965443)
((1, 89, 1e-09, 0), 210.07587315085007)
((1, 89, 1e-10, 0), 2.5483503278843723e+56)
((1, 89, 1e-08, 0), 0.03186554998354767)
((1, 89, 0.0001, 0), 0.019484153345757826)
((1, 89, 1e-05, 0), 0.0199778875846821)
((1, 89, 0.001, 0), 0.019274240620389953)
((1, 89, 0.01, 0), 0.01934324950276395)
((1, 89, 0.1, 0), 0.019391273906877216)
((1, 90, 1e-12, 0), nan)
((1, 90, 1e-14, 0), nan)
((1, 90, 1e-11, 0), 5.5074768425056665e+209)
((1, 90, 1e-15, 0), nan)
((1, 90, 1e-10, 0), 1.197627064036037e+48)
((1, 90, 1e-06, 0), 0.02081824316106879)
((1, 90, 1e-08, 0), 0.024319457153275232)
((1, 90, 1e-07, 0), 0.020735831551101952)
((1, 90, 1e-13, 0), nan)
((1, 90, 1e-09, 0), 0.5115009557631123)
((1, 90, 1e-05, 0), 0.02037954224228252)
((1, 90, 0.001, 0), 0.019282636810139836)
((1, 90, 0.0001, 0), 0.019622810556076987)
((1, 90, 0.01, 0), 0.019345744046987662)
((1, 90, 0.1, 0), 0.019282968167106656)
((1, 91, 1e-12, 0), nan)
((1, 91, 1e-14, 0), nan)
((1, 91, 1e-13, 0), nan)
((1, 91, 1e-15, 0), nan)
((1, 92, 1e-12, 0), nan)
((1, 91, 1e-09, 0), 0.2038417697623105)
((1, 91, 1e-10, 0), 1.2033265151277713e+38)
((1, 91, 1e-11, 0), 3.021232257053846e+223)
((1, 91, 1e-05, 0), 0.020690991199236848)
((1, 91, 0.1, 0), 0.01924199819347853)
((1, 91, 0.001, 0), 0.019374142101067065)
((1, 91, 0.0001, 0), 0.01995960950570697)
((1, 91, 1e-07, 0), 0.020856488180522544)
((1, 91, 0.01, 0), 0.019372903022678502)
((1, 91, 1e-06, 0), 0.0209117483597583)
((1, 91, 1e-08, 0), 0.03211842967987803)
((1, 92, 1e-11, 0), 7.245399921506417e+247)
((1, 92, 1e-08, 0), 0.03418407360353556)
((1, 92, 1e-07, 0), 0.020738049522058804)
((1, 92, 1e-13, 0), nan)
((1, 92, 1e-15, 0), nan)
((1, 92, 1e-09, 0), 4.402213674437696)
((1, 92, 1e-06, 0), 0.02099875719870494)
((1, 92, 1e-14, 0), nan)
((1, 92, 1e-10, 0), 4.0388456950517034e+35)
((1, 92, 0.01, 0), 0.01944547687711649)
((1, 92, 0.001, 0), 0.01960426813428712)
((1, 92, 0.1, 0), 0.019240603046524845)
((1, 92, 0.0001, 0), 0.02028832913217159)
((1, 92, 1e-05, 0), 0.020770378742506028)
((1, 93, 1e-14, 0), nan)
((1, 93, 1e-15, 0), nan)
((1, 93, 1e-10, 0), 6.3420308790853965e+65)
((1, 93, 1e-08, 0), 0.026130117282648458)
((1, 93, 1e-11, 0), 3.6057468982271053e+267)
((1, 93, 1e-07, 0), 0.02113191555719835)
((1, 93, 1e-06, 0), 0.021294017653354032)
((1, 93, 1e-12, 0), nan)
((1, 93, 0.01, 0), 0.019596502103761647)
((1, 93, 1e-05, 0), 0.02085891978365243)
((1, 93, 0.001, 0), 0.019916829663702396)
((1, 93, 0.0001, 0), 0.020412073247635835)
((1, 93, 1e-09, 0), 11.689013795286812)
((1, 93, 1e-13, 0), nan)
((1, 93, 0.1, 0), 0.01927329446062994)
((1, 94, 1e-15, 0), nan)
((1, 94, 1e-12, 0), nan)
((1, 94, 1e-13, 0), nan)
((1, 94, 1e-14, 0), nan)
((1, 94, 1e-11, 0), 4.158783845457264e+180)
((1, 94, 1e-09, 0), 120.20729035961656)
((1, 94, 1e-10, 0), 1.3211057525984962e+61)
((1, 94, 1e-08, 0), 0.025820849108308626)
((1, 94, 1e-07, 0), 0.022307074689909733)
((1, 94, 1e-05, 0), 0.02119765252985231)
((1, 94, 0.0001, 0), 0.020490672212484316)
((1, 94, 1e-06, 0), 0.021810671818033804)
((1, 94, 0.01, 0), 0.019835448284760228)
((1, 94, 0.1, 0), 0.01934698545597185)
((1, 94, 0.001, 0), 0.02016389303577718)
((1, 95, 1e-12, 0), nan)
((1, 95, 1e-15, 0), nan)
((1, 95, 1e-09, 0), 1112665.9094529983)
((1, 95, 1e-08, 0), 0.025067108361529866)
((1, 95, 1e-13, 0), nan)
((1, 95, 1e-06, 0), 0.022335841444641742)
((1, 95, 1e-05, 0), 0.02177564192667524)
((1, 95, 1e-07, 0), 0.022787683463821144)
((1, 95, 0.01, 0), 0.020122744253198207)
((1, 95, 1e-14, 0), nan)
((1, 95, 1e-10, 0), 8.09881660550035e+56)
((1, 95, 1e-11, 0), inf)
((1, 95, 0.0001, 0), 0.02077912743968712)
((1, 95, 0.001, 0), 0.020332920232952363)
((1, 95, 0.1, 0), 0.0194651524635799)
((1, 96, 1e-12, 0), nan)
((1, 96, 1e-15, 0), nan)
((1, 96, 1e-13, 0), nan)
((1, 96, 1e-14, 0), nan)
((1, 96, 1e-11, 0), 1.576504906020953e+190)
((1, 96, 1e-08, 0), 0.02829607627741535)
((1, 96, 1e-09, 0), 23.939501634277843)
((1, 96, 1e-10, 0), 3.971686914376452e+66)
((1, 96, 1e-06, 0), 0.02272552954960321)
((1, 96, 0.0001, 0), 0.02133323727486674)
((1, 96, 1e-05, 0), 0.022310929286281395)
((1, 96, 0.1, 0), 0.019622319187024777)
((1, 96, 1e-07, 0), 0.022187348019774004)
((1, 96, 0.001, 0), 0.020567350447076263)
((1, 96, 0.01, 0), 0.020410736187759425)
((1, 97, 1e-12, 0), nan)
((1, 97, 1e-13, 0), nan)
((1, 97, 1e-14, 0), nan)
((1, 97, 1e-15, 0), nan)
((1, 97, 1e-11, 0), 1.1178740985437774e+156)
((1, 97, 1e-10, 0), 3.4703482992328027e+53)
((1, 97, 1e-08, 0), 0.024598437585280408)
((1, 97, 1e-07, 0), 0.023047047141163752)
((1, 97, 1e-09, 0), 0.173642227140931)
((1, 97, 1e-06, 0), 0.02271893394405585)
((1, 97, 1e-05, 0), 0.022514386710790067)
((1, 97, 0.0001, 0), 0.02189083001778937)
((1, 97, 0.001, 0), 0.020959614805538315)
((1, 97, 0.01, 0), 0.020695241740555922)
((1, 98, 1e-12, 0), nan)
((1, 97, 0.1, 0), 0.019807776697132132)
((1, 98, 1e-15, 0), nan)
((1, 98, 1e-13, 0), nan)
((1, 98, 1e-07, 0), 0.02259058952489094)
((1, 98, 1e-09, 0), 72406.67273138082)
((1, 98, 1e-11, 0), 1.0395206647552235e+180)
((1, 98, 1e-14, 0), nan)
((1, 98, 0.0001, 0), 0.022082314192143647)
((1, 98, 1e-06, 0), 0.02263597979042124)
((1, 98, 0.01, 0), 0.02099114444225454)
((1, 98, 0.1, 0), 0.020006798990978163)
((1, 98, 1e-08, 0), 0.022217315159313227)
((1, 98, 1e-05, 0), 0.022427999161777144)
((1, 98, 1e-10, 0), 2.963086264066893e+67)
((1, 98, 0.001, 0), 0.021417226231748056)
((1, 99, 1e-12, 0), nan)
((1, 99, 1e-14, 0), nan)
((1, 99, 1e-15, 0), nan)
((1, 99, 1e-13, 0), nan)
((1, 99, 1e-11, 0), inf)
((1, 99, 1e-09, 0), 0.07623351289033745)
((1, 99, 1e-08, 0), 0.02966074005307623)
((1, 99, 1e-07, 0), 0.021963989691428425)
((1, 99, 1e-06, 0), 0.02258415888817457)
((1, 99, 1e-10, 0), 7.406095044272462e+86)
((1, 99, 0.0001, 0), 0.021952798657049376)
((1, 99, 0.001, 0), 0.021705788208610216)
((1, 99, 0.01, 0), 0.02127972106596647)
((1, 99, 0.1, 0), 0.020197887423248472)
((1, 99, 1e-05, 0), 0.022340683974824256)
((1, 100, 1e-13, 0), nan)
((1, 100, 1e-15, 0), nan)
((1, 100, 1e-10, 0), 8.402871336473503e+82)
((1, 100, 1e-12, 0), nan)
((1, 100, 1e-11, 0), 2.2456009133035813e+266)
((1, 100, 1e-08, 0), 0.03128693144398357)
((1, 100, 1e-09, 0), 4891135.334029315)
((1, 100, 1e-06, 0), 0.022801251144499723)
((1, 100, 1e-14, 0), nan)
((1, 100, 1e-07, 0), 0.023134926100690484)
((1, 100, 1e-05, 0), 0.022418123541029705)
((1, 100, 0.001, 0), 0.021723681387652252)
((1, 100, 0.01, 0), 0.021509888018431872)
((1, 100, 0.0001, 0), 0.021855386113570796)
((1, 101, 1e-12, 0), nan)
((1, 101, 1e-14, 0), nan)
((1, 101, 1e-11, 0), 1.8751203753424722e+170)
((1, 100, 0.1, 0), 0.02035538698362594)
((1, 101, 1e-15, 0), nan)
((1, 101, 0.001, 0), 0.021646249928118744)
((1, 101, 1e-08, 0), 0.029264134409750463)
((1, 101, 1e-09, 0), 163.82463069126229)
((1, 101, 0.01, 0), 0.02163888663144877)
((1, 101, 1e-10, 0), 7.701039840048167e+88)
((1, 101, 1e-06, 0), 0.02290579770862734)
((1, 101, 0.1, 0), 0.020458332090594725)
((1, 101, 0.0001, 0), 0.02194411452729979)
((1, 101, 1e-05, 0), 0.02256639249794049)
((1, 101, 1e-13, 0), nan)
((1, 101, 1e-07, 0), 0.022604015250345538)
--------------------------------------------------------------------------------
Cross validation total time taken: 239.97064065933228 seconds.